39084	0.037880
39085	0.037910
39086	0.037950
39087	0.038080
39090	0.038070
39091	0.038140
39092	0.038240
39093	0.038060
39094	0.038100
39097	0.038140
39098	0.038160
39099	0.038160
39100	0.038290
39101	0.038300
39104	0.038300
39105	0.038370
39106	0.038400
39107	0.038470
39108	0.038480
39111	0.038510
39112	0.038510
39113	0.038520
39114	0.038570
39115	0.038380
39118	0.038410
39119	0.038510
39120	0.038610
39121	0.038760
39122	0.038760
39125	0.038740
39126	0.038790
39127	0.038800
39128	0.038840
39129	0.038880
39132	0.038880
39133	0.038970
39134	0.038980
39135	0.039060
39136	0.039090
39139	0.039100
39140	0.039030
39141	0.038860
39142	0.038860
39143	0.038810
39146	0.038740
39147	0.038920
39148	0.039240
39149	0.039240
39150	0.039390
39153	0.039360
39154	0.039420
39155	0.039340
39156	0.039410
39157	0.039400
39160	0.039480
39161	0.039500
39162	0.039520
39163	0.039500
39164	0.039560
39167	0.039610
39168	0.039690
39169	0.039700
39170	0.039850
39171	0.039930
39174	0.040000
39175	0.040020
39176	0.040050
39177	0.040110
39182	0.040230
39183	0.040330
39184	0.040380
39185	0.040400
39188	0.040400
39189	0.040400
39190	0.040420
39191	0.040490
39192	0.040530
39195	0.040530
39196	0.040530
39197	0.040580
39198	0.040650
39199	0.040720
39202	0.040740
39204	0.040820
39205	0.040900
39206	0.040880
39209	0.040940
39210	0.040930
39211	0.040950
39212	0.041020
39213	0.041000
39216	0.041100
39217	0.041230
39218	0.041370
39219	0.041460
39220	0.041490
39223	0.041560
39224	0.041580
39225	0.041670
39226	0.041660
39227	0.041730
39230	0.041790
39231	0.041830
39232	0.041850
39233	0.041940
39234	0.041980
39237	0.041980
39238	0.041980
39239	0.041990
39240	0.042110
39241	0.042070
39244	0.042080
39245	0.042150
39246	0.042180
39247	0.042170
39248	0.042230
39251	0.042290
39252	0.042190
39253	0.042310
39254	0.042350
39255	0.042350
39258	0.042320
39259	0.042360
39260	0.042370
39261	0.042480
39262	0.042530
39265	0.042590
39266	0.042590
39267	0.042630
39268	0.042820
39269	0.042880
39272	0.042860
39273	0.042830
39274	0.042830
39275	0.042970
39276	0.042990
39279	0.042980
39280	0.043040
39281	0.043040
39282	0.043140
39283	0.043090
39286	0.043120
39287	0.043180
39288	0.043140
39289	0.043070
39290	0.042980
39293	0.042920
39294	0.043110
39295	0.043030
39296	0.043290
39297	0.043200
39300	0.043080
39301	0.043180
39302	0.043390
39303	0.043040
39304	0.042490
39307	0.042490
39308	0.042450
39309	0.042080
39310	0.041630
39311	0.041380
39314	0.041430
39315	0.040830
39316	0.042470
39317	0.042110
39318	0.042060
39321	0.042240
39322	0.041790
39323	0.041690
39324	0.041640
39325	0.041540
39328	0.041710
39329	0.041750
39330	0.041510
39331	0.041430
39332	0.041200
39335	0.041230
39336	0.041330
39337	0.041280
39338	0.041400
39339	0.041280
39342	0.041270
39343	0.041390
39344	0.041060
39345	0.041040
39346	0.041000
39349	0.041010
39350	0.040990
39351	0.041020
39352	0.040950
39353	0.040790
39356	0.040720
39357	0.040790
39358	0.040600
39359	0.040650
39360	0.040710
39363	0.040680
39364	0.040660
39365	0.040660
39366	0.040550
39367	0.040980
39370	0.041150
39371	0.041130
39372	0.041040
39373	0.040950
39374	0.040750
39377	0.040730
39378	0.040800
39379	0.040720
39380	0.040730
39381	0.040830
39384	0.040860
39385	0.041070
39386	0.041220
39387	0.041250
39388	0.041040
39391	0.041030
39392	0.041040
39393	0.040950
39394	0.040800
39395	0.040790
39398	0.040830
39399	0.040850
39400	0.040900
39401	0.040880
39402	0.040860
39405	0.040780
39406	0.040660
39407	0.040640
39408	0.040560
39409	0.040500
39412	0.040380
39413	0.040300
39414	0.040340
39415	0.040290
39416	0.040420
39419	0.040450
39420	0.040370
39421	0.040290
39422	0.040490
39423	0.040630
39426	0.040880
39427	0.040900
39428	0.040910
39429	0.041070
39430	0.041110
39433	0.041020
39434	0.040920
39435	0.040970
39436	0.041010
39437	0.041130
39440	0.041190
39443	0.041230
39444	0.041290
39447	0.041180
39449	0.040990
39450	0.040810
39451	0.040760
39454	0.040840
39455	0.040910
39456	0.040840
39457	0.040890
39458	0.040890
39461	0.040600
39462	0.040450
39463	0.040150
39464	0.040130
39465	0.040040
39468	0.039250
39469	0.038270
39470	0.037910
39471	0.039010
39472	0.039330
39475	0.039140
39476	0.039360
39477	0.039180
39478	0.038770
39479	0.038900
39482	0.039060
39483	0.038580
39484	0.038440
39485	0.037430
39486	0.037430
39489	0.037650
39490	0.037820
39491	0.038130
39492	0.038260
39493	0.038280
39496	0.038500
39497	0.038570
39498	0.038820
39499	0.039250
39500	0.039130
39503	0.039100
39504	0.039200
39505	0.039000
39506	0.038900
39507	0.038380
39510	0.038290
39511	0.038500
39512	0.038750
39513	0.038920
39514	0.039000
39517	0.038740
39518	0.038940
39519	0.039450
39520	0.039160
39521	0.039190
39524	0.038240
39525	0.038400
39526	0.038970
39527	0.039190
39532	0.039760
39533	0.039980
39534	0.039860
39535	0.039850
39538	0.039760
39539	0.039890
39540	0.040000
39541	0.039910
39542	0.039800
39545	0.039840
39546	0.039860
39547	0.039880
39548	0.039710
39549	0.039790
39552	0.039810
39553	0.039880
39554	0.039910
39555	0.040020
39556	0.040120
39559	0.040280
39560	0.040990
39561	0.040800
39562	0.040660
39563	0.040780
39566	0.040690
39567	0.040610
39568	0.040590
39570	0.040560
39573	0.040690
39574	0.040570
39575	0.040600
39576	0.040620
39577	0.040500
39580	0.040550
39581	0.040460
39582	0.040460
39583	0.040820
39584	0.040910
39587	0.040770
39588	0.041050
39589	0.041470
39590	0.041490
39591	0.041540
39594	0.041680
39595	0.041570
39596	0.041560
39597	0.041490
39598	0.041800
39601	0.041630
39602	0.041590
39603	0.041640
39604	0.041730
39605	0.043720
39608	0.043920
39609	0.043770
39610	0.043470
39611	0.043480
39612	0.043520
39615	0.043690
39616	0.043900
39617	0.044020
39618	0.044040
39619	0.044010
39622	0.043950
39623	0.043910
39624	0.043890
39625	0.043820
39626	0.043720
39629	0.043880
39630	0.044360
39631	0.044370
39632	0.044750
39633	0.043990
39636	0.043970
39637	0.043810
39638	0.043930
39639	0.043850
39640	0.043900
39643	0.043760
39644	0.043720
39645	0.043640
39646	0.043680
39647	0.043650
39650	0.044170
39651	0.044180
39652	0.044260
39653	0.044080
39654	0.043940
39657	0.043980
39658	0.043860
39659	0.043800
39660	0.043890
39661	0.043880
39664	0.044000
39665	0.043950
39666	0.043930
39667	0.043800
39668	0.043180
39671	0.043260
39672	0.043290
39673	0.043270
39674	0.043210
39675	0.043220
39678	0.043130
39679	0.043140
39680	0.043170
39681	0.043100
39682	0.043120
39685	0.043100
39686	0.043050
39687	0.043050
39688	0.043160
39689	0.043080
39692	0.043090
39693	0.043090
39694	0.043100
39695	0.043240
39696	0.043110
39699	0.043150
39700	0.043170
39701	0.043160
39702	0.043190
39703	0.043100
39706	0.042140
39707	0.041790
39708	0.042090
39709	0.041440
39710	0.042360
39713	0.042430
39714	0.042410
39715	0.042000
39716	0.041770
39717	0.041510
39720	0.040510
39721	0.039280
39722	0.040300
39723	0.040150
39724	0.037890
39727	0.037360
39728	0.035790
39729	0.034540
39730	0.035000
39731	0.033420
39734	0.032680
39735	0.033780
39736	0.033750
39737	0.032550
39738	0.032110
39741	0.031990
39742	0.031840
39743	0.031190
39744	0.030710
39745	0.028640
39748	0.028640
39749	0.028640
39750	0.028440
39751	0.028160
39752	0.027350
39755	0.027930
39756	0.027580
39757	0.027610
39758	0.026850
39759	0.026190
39762	0.026090
39763	0.025210
39764	0.023820
39765	0.023390
39766	0.023520
39769	0.023080
39770	0.022230
39771	0.021910
39772	0.021220
39773	0.020490
39776	0.020280
39777	0.020560
39778	0.020530
39779	0.020350
39780	0.019750
39783	0.019860
39784	0.019800
39785	0.019430
39786	0.017490
39787	0.018920
39790	0.019320
39791	0.019440
39792	0.019410
39793	0.018830
39794	0.018630
39797	0.018790
39798	0.018690
39799	0.017780
39800	0.017510
39801	0.016870
39804	0.016770
39805	0.016280
39806	0.016180
39811	0.016010
39812	0.015960
39813	0.015960
39815	0.016330
39818	0.016390
39819	0.016170
39820	0.015550
39821	0.015460
39822	0.014440
39825	0.013820
39826	0.013480
39827	0.013430
39828	0.013110
39829	0.013310
39832	0.012800
39833	0.012530
39834	0.011790
39835	0.011510
39836	0.010970
39839	0.011260
39840	0.012070
39841	0.011820
39842	0.011640
39843	0.011440
39846	0.011500
39847	0.011310
39848	0.011180
39849	0.011080
39850	0.010230
39853	0.009830
39854	0.009670
39855	0.009910
39856	0.009580
39857	0.009480
39860	0.009390
39861	0.009120
39862	0.009090
39863	0.009300
39864	0.009030
39867	0.009170
39868	0.008790
39869	0.008530
39870	0.008280
39871	0.008080
39874	0.007920
39875	0.007510
39876	0.007250
39877	0.006860
39878	0.006890
39881	0.007300
39882	0.007250
39883	0.007560
39884	0.007530
39885	0.007290
39888	0.007210
39889	0.006990
39890	0.006790
39891	0.006600
39892	0.006690
39895	0.006790
39896	0.007110
39897	0.007380
39898	0.007100
39899	0.006860
39902	0.006840
39903	0.006780
39904	0.006610
39905	0.006440
39906	0.007530
39909	0.007300
39910	0.007000
39911	0.006890
39912	0.007030
39917	0.007240
39918	0.007310
39919	0.007600
39920	0.008040
39923	0.008650
39924	0.008520
39925	0.008560
39926	0.008450
39927	0.007880
39930	0.007800
39931	0.007700
39932	0.007350
39933	0.007410
39937	0.007360
39938	0.007330
39939	0.007260
39940	0.007280
39941	0.006800
39944	0.006900
39945	0.006960
39946	0.006920
39947	0.006720
39948	0.006530
39951	0.006520
39952	0.006690
39953	0.007810
39954	0.007830
39955	0.007730
39958	0.007930
39959	0.008000
39960	0.008230
39961	0.008000
39962	0.007740
39965	0.007700
39966	0.007510
39967	0.007400
39968	0.007730
39969	0.008370
39972	0.008750
39973	0.008830
39974	0.008640
39975	0.008250
39976	0.008060
39979	0.007790
39980	0.007890
39981	0.007760
39982	0.007550
39983	0.007340
39986	0.007300
39987	0.007160
39988	0.007130
39989	0.006070
39990	0.006300
39993	0.006900
39994	0.007050
39995	0.006850
39996	0.006810
39997	0.006020
40000	0.005920
40001	0.005940
40002	0.005550
40003	0.005500
40004	0.005370
40007	0.005340
40008	0.005380
40009	0.005330
40010	0.005150
40011	0.004810
40014	0.004810
40015	0.004820
40016	0.004860
40017	0.004970
40018	0.005020
40021	0.005090
40022	0.005170
40023	0.005110
40024	0.005070
40025	0.005010
40028	0.004990
40029	0.005090
40030	0.005220
40031	0.005400
40032	0.005220
40035	0.005270
40036	0.005300
40037	0.005150
40038	0.004870
40039	0.004730
40042	0.004730
40043	0.004910
40044	0.004770
40045	0.004730
40046	0.004750
40049	0.004770
40050	0.004710
40051	0.004660
40052	0.004530
40053	0.004450
40056	0.004380
40057	0.004380
40058	0.004490
40059	0.004610
40060	0.004200
40063	0.004060
40064	0.004050
40065	0.003960
40066	0.004200
40067	0.004350
40070	0.004310
40071	0.004470
40072	0.004460
40073	0.004820
40074	0.004780
40077	0.004690
40078	0.004600
40079	0.004400
40080	0.004270
40081	0.004360
40084	0.004400
40085	0.004400
40086	0.004510
40087	0.004750
40088	0.004640
40091	0.004620
40092	0.004690
40093	0.004740
40094	0.005220
40095	0.005440
40098	0.005570
40099	0.005430
40100	0.005430
40101	0.005600
40102	0.005590
40105	0.005620
40106	0.005470
40107	0.005540
40108	0.005470
40109	0.005410
40112	0.005240
40113	0.005110
40114	0.004990
40115	0.005060
40116	0.005300
40119	0.005260
40120	0.005220
40121	0.005220
40122	0.005130
40123	0.004890
40126	0.004790
40127	0.004790
40128	0.004860
40129	0.004740
40130	0.004710
40133	0.004750
40134	0.004870
40135	0.004870
40136	0.004930
40137	0.004910
40140	0.005120
40141	0.005120
40142	0.005200
40143	0.005260
40144	0.004900
40147	0.005170
40148	0.005210
40149	0.005110
40150	0.005310
40151	0.004640
40154	0.004740
40155	0.004600
40156	0.004610
40157	0.004700
40158	0.004740
40161	0.004700
40162	0.004740
40163	0.004750
40164	0.004460
40165	0.004450
40168	0.004450
40169	0.004440
40170	0.004450
40171	0.004470
40175	0.004500
40176	0.004510
40177	0.004660
40178	0.004660
40182	0.004720
40183	0.004490
40184	0.004410
40185	0.004320
40186	0.004310
40189	0.004330
40190	0.004360
40191	0.004370
40192	0.004440
40193	0.004170
40196	0.004090
40197	0.004220
40198	0.004250
40199	0.004270
40200	0.004220
40203	0.004240
40204	0.004240
40205	0.004370
40206	0.004460
40207	0.004490
40210	0.004540
40211	0.004560
40212	0.004570
40213	0.004580
40214	0.004450
40217	0.004460
40218	0.004520
40219	0.004470
40220	0.004530
40221	0.004370
40224	0.004270
40225	0.004310
40226	0.004350
40227	0.004360
40228	0.004480
40231	0.004440
40232	0.004440
40233	0.004500
40234	0.004260
40235	0.004310
40238	0.004410
40239	0.004390
40240	0.004380
40241	0.004580
40242	0.004250
40245	0.004290
40246	0.004270
40247	0.004300
40248	0.004380
40249	0.004460
40252	0.004490
40253	0.004560
40254	0.004490
40255	0.004530
40256	0.004560
40259	0.004660
40260	0.004510
40261	0.004530
40262	0.004490
40263	0.004410
40266	0.004470
40267	0.004440
40268	0.004620
40269	0.004770
40274	0.004920
40275	0.004940
40276	0.004720
40277	0.004790
40280	0.004950
40281	0.004960
40282	0.004950
40283	0.004910
40284	0.004920
40287	0.004880
40288	0.004860
40289	0.004890
40290	0.004950
40291	0.005040
40294	0.005010
40295	0.005020
40296	0.005110
40297	0.005220
40298	0.005220
40301	0.005300
40302	0.005280
40303	0.004920
40304	0.004790
40305	0.004840
40308	0.004620
40309	0.004520
40310	0.004470
40311	0.004180
40312	0.004330
40315	0.004420
40316	0.004400
40317	0.004330
40318	0.004400
40319	0.004390
40322	0.004470
40323	0.004510
40324	0.004310
40325	0.004290
40326	0.004240
40329	0.004270
40330	0.004310
40331	0.004370
40332	0.004400
40333	0.004410
40336	0.004310
40337	0.004350
40338	0.004350
40339	0.004360
40340	0.004310
40343	0.004390
40344	0.004470
40345	0.004500
40346	0.004530
40347	0.004570
40350	0.004800
40351	0.004920
40352	0.005010
40353	0.005020
40354	0.005040
40357	0.005220
40358	0.005050
40359	0.004820
40360	0.005680
40361	0.005320
40364	0.005380
40365	0.005420
40366	0.005830
40367	0.006190
40368	0.006640
40371	0.006170
40372	0.005950
40373	0.006020
40374	0.006280
40375	0.006840
40378	0.006920
40379	0.006680
40380	0.006420
40381	0.006180
40382	0.006290
40385	0.006300
40386	0.006430
40387	0.006410
40388	0.006250
40389	0.006240
40392	0.006160
40393	0.006180
40394	0.006270
40395	0.006400
40396	0.006510
40399	0.006530
40400	0.006430
40401	0.006150
40402	0.005710
40403	0.005680
40406	0.005670
40407	0.005670
40408	0.005670
40409	0.005770
40410	0.005530
40413	0.005170
40414	0.005230
40415	0.005220
40416	0.005250
40417	0.005320
40420	0.005390
40421	0.005420
40422	0.005250
40423	0.005320
40424	0.005230
40427	0.005280
40428	0.005310
40429	0.005390
40430	0.005510
40431	0.005580
40434	0.005650
40435	0.005580
40436	0.005770
40437	0.006090
40438	0.006050
40441	0.006070
40442	0.006020
40443	0.005940
40444	0.005950
40445	0.005860
40448	0.006070
40449	0.006200
40450	0.006090
40451	0.006580
40452	0.008010
40455	0.007410
40456	0.007390
40457	0.007420
40458	0.007660
40459	0.007590
40462	0.007570
40463	0.007520
40464	0.007360
40465	0.007540
40466	0.007850
40469	0.008070
40470	0.008200
40471	0.008490
40472	0.008610
40473	0.008570
40476	0.008560
40477	0.008790
40478	0.008980
40479	0.008830
40480	0.008960
40483	0.008800
40484	0.008810
40485	0.008830
40486	0.008810
40487	0.008620
40490	0.008680
40491	0.008590
40492	0.008450
40493	0.008320
40494	0.008120
40497	0.008200
40498	0.008160
40499	0.008100
40500	0.007870
40501	0.008020
40504	0.008220
40505	0.007940
40506	0.007690
40507	0.007710
40508	0.007570
40511	0.007530
40512	0.007480
40513	0.007560
40514	0.007720
40515	0.007360
40518	0.007430
40519	0.007510
40520	0.007340
40521	0.007240
40522	0.007350
40525	0.007430
40526	0.007150
40527	0.007190
40528	0.007220
40529	0.007220
40532	0.007210
40533	0.007400
40534	0.007320
40535	0.006530
40536	0.006540
40539	0.006580
40540	0.006600
40541	0.006590
40542	0.006630
40543	0.006630
40546	0.006600
40547	0.006720
40548	0.006760
40549	0.006820
40550	0.006680
40553	0.006740
40554	0.006960
40555	0.007180
40556	0.007240
40557	0.007910
40560	0.007910
40561	0.007910
40562	0.008020
40563	0.008090
40564	0.008490
40567	0.008450
40568	0.008090
40569	0.008890
40570	0.008680
40571	0.009050
40574	0.009570
40575	0.009570
40576	0.009220
40577	0.009730
40578	0.009400
40581	0.009310
40582	0.008940
40583	0.009680
40584	0.009520
40585	0.009440
40588	0.009290
40589	0.009400
40590	0.009260
40591	0.009310
40592	0.009060
40595	0.009280
40596	0.009510
40597	0.009790
40598	0.009850
40599	0.010020
40602	0.009920
40603	0.009980
40604	0.009780
40605	0.009940
40606	0.011280
40609	0.011130
40610	0.011170
40611	0.011010
40612	0.010930
40613	0.010790
40616	0.010750
40617	0.010320
40618	0.010520
40619	0.010410
40620	0.010520
40623	0.010980
40624	0.011280
40625	0.011300
40626	0.011370
40627	0.011540
40630	0.011690
40631	0.011860
40632	0.011890
40633	0.011730
40634	0.011930
40637	0.011890
40638	0.011840
40639	0.011980
40640	0.012060
40641	0.012610
40644	0.012650
40645	0.012540
40646	0.012560
40647	0.012510
40648	0.012600
40651	0.012680
40652	0.012630
40653	0.013040
40654	0.013250
40659	0.012790
40660	0.012880
40661	0.013360
40662	0.013590
40665	0.013690
40666	0.013850
40667	0.013990
40668	0.014230
40669	0.013240
40672	0.013430
40673	0.013360
40674	0.012880
40675	0.012910
40676	0.013210
40679	0.013290
40680	0.013240
40681	0.013270
40682	0.013370
40683	0.013260
40686	0.013010
40687	0.013140
40688	0.013020
40689	0.012920
40690	0.012610
40693	0.012690
40694	0.012950
40695	0.012910
40696	0.013010
40697	0.013150
40700	0.013240
40701	0.013510
40702	0.013850
40703	0.013880
40704	0.013560
40707	0.013520
40708	0.013690
40709	0.013840
40710	0.013650
40711	0.013920
40714	0.013750
40715	0.013910
40716	0.013860
40717	0.013610
40718	0.013480
40721	0.013170
40722	0.013640
40723	0.013940
40724	0.014230
40725	0.014340
40728	0.014410
40729	0.014430
40730	0.014270
40731	0.014450
40732	0.014450
40735	0.014020
40736	0.012850
40737	0.013610
40738	0.013530
40739	0.013300
40742	0.013210
40743	0.013200
40744	0.013060
40745	0.013470
40746	0.013850
40749	0.013790
40750	0.013660
40751	0.013320
40752	0.013120
40753	0.012940
40756	0.012910
40757	0.012460
40758	0.012050
40759	0.012360
40760	0.010010
40763	0.009890
40764	0.008670
40765	0.008780
40766	0.007630
40767	0.008070
40770	0.008590
40771	0.008820
40772	0.008650
40773	0.008410
40774	0.007920
40777	0.008020
40778	0.008150
40779	0.008410
40780	0.008490
40781	0.008170
40784	0.008240
40785	0.008400
40786	0.008600
40787	0.008450
40788	0.007960
40791	0.007120
40792	0.006920
40793	0.006810
40794	0.007060
40795	0.006380
40798	0.005670
40799	0.006070
40800	0.006730
40801	0.006950
40802	0.007090
40805	0.006610
40806	0.006280
40807	0.006060
40808	0.005670
40809	0.005630
40812	0.005420
40813	0.006230
40814	0.006910
40815	0.006770
40816	0.006670
40819	0.006420
40820	0.006480
40821	0.006570
40822	0.006450
40823	0.007500
40826	0.007490
40827	0.007570
40828	0.007620
40829	0.007650
40830	0.007610
40833	0.007690
40834	0.007300
40835	0.007560
40836	0.007590
40837	0.007480
40840	0.007490
40841	0.007390
40842	0.007050
40843	0.007230
40844	0.007570
40847	0.007200
40848	0.006420
40849	0.006320
40850	0.006010
40851	0.005330
40854	0.005420
40855	0.005420
40856	0.005380
40857	0.005040
40858	0.005200
40861	0.005110
40862	0.004870
40863	0.004910
40864	0.004890
40865	0.005070
40868	0.005010
40869	0.004960
40870	0.005100
40871	0.005150
40872	0.005140
40875	0.005110
40876	0.005040
40877	0.004550
40878	0.004440
40879	0.004410
40882	0.004610
40883	0.004560
40884	0.004390
40885	0.004330
40886	0.004270
40889	0.004460
40890	0.004520
40891	0.004410
40892	0.004430
40893	0.004400
40896	0.004520
40897	0.004460
40898	0.004250
40899	0.004210
40900	0.004140
40904	0.003890
40905	0.003940
40906	0.003870
40907	0.003820
40910	0.003810
40911	0.003840
40912	0.003650
40913	0.003490
40914	0.003450
40917	0.003360
40918	0.003360
40919	0.003390
40920	0.003300
40921	0.003310
40924	0.003290
40925	0.003450
40926	0.003430
40927	0.003430
40928	0.003220
40931	0.003240
40932	0.003350
40933	0.003460
40934	0.003440
40935	0.003440
40938	0.003420
40939	0.003420
40940	0.003370
40941	0.003320
40942	0.003290
40945	0.003240
40946	0.003240
40947	0.003290
40948	0.003330
40949	0.003390
40952	0.003450
40953	0.003420
40954	0.003440
40955	0.003360
40956	0.003420
40959	0.003400
40960	0.003420
40961	0.003410
40962	0.003430
40963	0.003430
40966	0.003430
40967	0.003460
40968	0.003450
40969	0.003390
40970	0.003390
40973	0.003430
40974	0.003380
40975	0.003340
40976	0.003320
40977	0.003400
40980	0.003440
40981	0.003450
40982	0.003490
40983	0.003540
40984	0.003500
40987	0.003570
40988	0.003610
40989	0.003590
40990	0.003600
40991	0.003560
40994	0.003580
40995	0.003590
40996	0.003610
40997	0.003600
40998	0.003600
41001	0.003600
41002	0.003610
41003	0.003600
41004	0.003600
41009	0.003590
41010	0.003470
41011	0.003450
41012	0.003400
41015	0.003380
41016	0.003340
41017	0.003360
41018	0.003330
41019	0.003320
41022	0.003280
41023	0.003170
41024	0.003160
41025	0.003150
41026	0.002990
41029	0.002900
41031	0.002900
41032	0.002890
41033	0.002900
41036	0.002900
41037	0.002890
41038	0.002900
41039	0.002930
41040	0.002940
41043	0.002950
41044	0.002820
41045	0.002780
41046	0.002790
41047	0.002790
41050	0.002830
41051	0.002760
41052	0.002750
41053	0.002570
41054	0.002580
41057	0.002580
41058	0.002590
41059	0.002590
41060	0.002510
41061	0.002410
41064	0.002400
41065	0.002450
41066	0.002440
41067	0.002580
41068	0.002610
41071	0.002440
41072	0.002560
41073	0.002590
41074	0.002640
41075	0.002370
41078	0.002110
41079	0.002010
41080	0.002100
41081	0.002010
41082	0.002030
41085	0.001960
41086	0.002020
41087	0.002030
41088	0.002210
41089	0.002260
41092	0.002270
41093	0.002190
41094	0.002080
41095	0.002140
41096	0.001280
41099	0.001240
41100	0.001280
41101	0.001260
41102	0.001010
41103	0.001050
41106	0.000990
41107	0.000930
41108	0.000970
41109	0.000870
41110	0.000860
41113	0.000660
41114	0.000680
41115	0.000730
41116	0.000780
41117	0.000690
41120	0.000350
41121	0.000360
41122	0.000390
41123	0.000380
41124	0.000670
41127	0.000700
41128	0.000570
41129	0.000550
41130	0.000480
41131	0.000460
41134	0.000500
41135	0.000530
41136	0.000560
41137	0.000580
41138	0.000610
41141	0.000570
41142	0.000540
41143	0.000510
41144	0.000520
41145	0.000510
41148	0.000540
41149	0.000540
41150	0.000530
41151	0.000510
41152	0.000530
41155	0.000560
41156	0.000600
41157	0.000510
41158	0.000600
41159	0.000670
41162	0.000620
41163	0.000600
41164	0.000680
41165	0.000760
41166	0.000720
41169	0.000700
41170	0.000690
41171	0.000680
41172	0.000580
41173	0.000580
41176	0.000590
41177	0.000660
41178	0.000690
41179	0.000680
41180	0.000670
41183	0.000700
41184	0.000700
41185	0.000690
41186	0.000670
41187	0.000710
41190	0.000710
41191	0.000680
41192	0.000690
41193	0.000700
41194	0.000710
41197	0.000750
41198	0.000760
41199	0.000770
41200	0.000820
41201	0.000800
41204	0.000810
41205	0.000860
41206	0.000840
41207	0.000850
41208	0.000810
41211	0.000770
41212	0.000790
41213	0.000800
41214	0.000790
41215	0.000760
41218	0.000690
41219	0.000670
41220	0.000660
41221	0.000540
41222	0.000590
41225	0.000560
41226	0.000560
41227	0.000520
41228	0.000510
41229	0.000520
41232	0.000530
41233	0.000520
41234	0.000490
41235	0.000500
41236	0.000500
41239	0.000490
41240	0.000490
41241	0.000490
41242	0.000490
41243	0.000490
41246	0.000490
41247	0.000490
41248	0.000480
41249	0.000460
41250	0.000270
41253	0.000080
41254	0.000120
41255	0.000340
41256	0.000310
41257	0.000340
41260	0.000400
41261	0.000460
41262	0.000430
41263	0.000470
41264	0.000460
41267	0.000490
41270	0.000540
41271	0.000550
41274	0.000550
41276	0.000520
41277	0.000570
41278	0.000600
41281	0.000620
41282	0.000600
41283	0.000580
41284	0.000540
41285	0.000790
41288	0.001000
41289	0.001030
41290	0.000970
41291	0.001210
41292	0.001400
41295	0.001200
41296	0.001190
41297	0.001170
41298	0.001240
41299	0.001360
41302	0.001630
41303	0.001530
41304	0.001640
41305	0.001610
41306	0.001660
41309	0.001490
41310	0.001460
41311	0.001440
41312	0.001400
41313	0.001250
41316	0.001210
41317	0.001220
41318	0.001270
41319	0.001200
41320	0.001140
41323	0.001140
41324	0.001090
41325	0.001140
41326	0.001140
41327	0.001130
41330	0.000950
41331	0.000890
41332	0.000870
41333	0.000820
41334	0.000690
41337	0.000660
41338	0.000700
41339	0.000680
41340	0.000670
41341	0.000790
41344	0.000810
41345	0.000820
41346	0.000830
41347	0.000850
41348	0.000840
41351	0.000780
41352	0.000890
41353	0.000900
41354	0.000920
41355	0.001000
41358	0.000900
41359	0.000910
41360	0.000860
41361	0.000840
41366	0.000830
41367	0.000810
41368	0.000810
41369	0.000770
41372	0.000840
41373	0.000890
41374	0.000850
41375	0.000820
41376	0.000780
41379	0.000780
41380	0.000790
41381	0.000810
41382	0.000760
41383	0.000770
41386	0.000790
41387	0.000750
41388	0.000750
41389	0.000720
41390	0.000730
41393	0.000680
41394	0.000660
41396	0.000670
41397	0.000590
41400	0.000600
41401	0.000610
41402	0.000650
41403	0.000650
41404	0.000670
41407	0.000640
41408	0.000630
41409	0.000650
41410	0.000560
41411	0.000430
41414	0.000450
41415	0.000460
41416	0.000520
41417	0.000530
41418	0.000590
41421	0.000590
41422	0.000590
41423	0.000610
41424	0.000650
41425	0.000570
41428	0.000600
41429	0.000660
41430	0.000640
41431	0.000630
41432	0.000830
41435	0.000910
41436	0.000970
41437	0.001000
41438	0.000980
41439	0.000950
41442	0.000910
41443	0.000960
41444	0.000980
41445	0.001020
41446	0.001080
41449	0.001270
41450	0.001320
41451	0.001300
41452	0.001210
41453	0.001200
41456	0.001250
41457	0.001220
41458	0.001230
41459	0.001200
41460	0.001020
41463	0.001010
41464	0.001010
41465	0.001010
41466	0.001040
41467	0.001080
41470	0.001090
41471	0.001070
41472	0.001060
41473	0.001020
41474	0.001040
41477	0.001120
41478	0.001220
41479	0.001250
41480	0.001200
41481	0.001150
41484	0.001140
41485	0.001110
41486	0.001130
41487	0.001100
41488	0.001150
41491	0.001130
41492	0.001130
41493	0.001120
41494	0.001110
41495	0.001110
41498	0.001110
41499	0.001090
41500	0.001170
41501	0.001160
41502	0.001150
41505	0.001150
41506	0.001140
41507	0.001140
41508	0.001190
41509	0.001210
41512	0.001220
41513	0.001210
41514	0.001190
41515	0.001160
41516	0.001150
41519	0.001190
41520	0.001160
41521	0.001150
41522	0.001180
41523	0.001130
41526	0.001120
41527	0.001140
41528	0.001130
41529	0.001100
41530	0.001110
41533	0.001070
41534	0.001110
41535	0.001140
41536	0.001120
41537	0.001100
41540	0.001160
41541	0.001110
41542	0.001170
41543	0.001160
41544	0.001170
41547	0.001210
41548	0.001160
41549	0.001120
41550	0.001150
41551	0.001160
41554	0.001200
41555	0.001250
41556	0.001270
41557	0.001280
41558	0.001260
41561	0.001290
41562	0.001240
41563	0.001280
41564	0.001250
41565	0.001240
41568	0.001260
41569	0.001290
41570	0.001270
41571	0.001370
41572	0.001440
41575	0.001470
41576	0.001360
41577	0.001370
41578	0.001440
41579	0.001080
41582	0.001200
41583	0.001190
41584	0.001200
41585	0.001170
41586	0.001070
41589	0.001090
41590	0.001100
41591	0.001090
41592	0.001010
41593	0.001000
41596	0.001030
41597	0.001030
41598	0.000980
41599	0.000870
41600	0.001090
41603	0.001190
41604	0.001190
41605	0.001080
41606	0.001120
41607	0.001130
41610	0.001140
41611	0.001130
41612	0.001150
41613	0.001130
41614	0.001400
41617	0.001490
41618	0.001500
41619	0.001560
41620	0.001690
41621	0.001790
41624	0.001830
41625	0.001840
41626	0.001660
41627	0.001470
41628	0.001540
41631	0.001610
