42786	0.85145
42783	0.8572
42782	0.8511
42781	0.84998
42780	0.85098
42779	0.8489
42776	0.8529
42775	0.8509
42774	0.85315
42773	0.8633
42772	0.8595
42769	0.86013
42768	0.86068
42767	0.85418
42766	0.86105
42765	0.84935
42762	0.8517
42761	0.85143
42760	0.85323
42759	0.8635
42758	0.86148
42755	0.86595
42754	0.86555
42753	0.86833
42752	0.8679
42751	0.87808
42748	0.87548
42747	0.86843
42746	0.86725
42745	0.8694
42744	0.8666
42741	0.85648
42740	0.8544
42739	0.84945
42738	0.84565
42737	0.8514
42734	0.85618
42733	0.853
42732	0.85128
42731	0.853
42727	0.85278
42726	0.84645
42725	0.8424
42724	0.83978
42723	0.8414
42720	0.8389
42719	0.83598
42718	0.83963
42717	0.83488
42716	0.839
42713	0.83935
42712	0.84995
42711	0.85095
42710	0.8421
42709	0.84168
42706	0.84303
42705	0.84098
42704	0.8525
42703	0.84815
42702	0.85303
42699	0.85182
42698	0.848
42697	0.85393
42696	0.85423
42695	0.85725
42692	0.86218
42691	0.86055
42690	0.8611
42689	0.86638
42688	0.85985
42685	0.86133
42684	0.87785
42683	0.8903
42682	0.89088
42681	0.8904
42678	0.88808
42677	0.88658
42676	0.90063
42675	0.90173
42674	0.9005
42671	0.89905
42670	0.89158
42669	0.89465
42668	0.88998
42667	0.89015
42664	0.8932
42663	0.89568
42662	0.89338
42661	0.89565
42660	0.90485
42657	0.8991
42656	0.9043
42655	0.8999
42654	0.90233
42653	0.9007
42650	0.90353
42649	0.88323
42648	0.88155
42647	0.8754
42646	0.87318
42643	0.86103
42642	0.86138
42641	0.86208
42640	0.86413
42639	0.8709
42636	0.86435
42635	0.85925
42634	0.85693
42633	0.86213
42632	0.855
42629	0.85203
42628	0.85198
42627	0.85078
42626	0.84763
42625	0.84475
42622	0.84558
42621	0.8456
42620	0.83968
42619	0.83535
42618	0.83643
42615	0.8426
42614	0.8405
42613	0.84806
42612	0.8517
42611	0.85476
42608	0.8545
42607	0.8557
42606	0.8513
42605	0.85995
42604	0.8624
42601	0.86537
42600	0.86073
42599	0.8664
42598	0.8706
42597	0.86677
42594	0.8605
42593	0.86038
42592	0.85541
42591	0.85399
42590	0.84955
42587	0.8481
42586	0.84603
42585	0.8391
42584	0.8431
42583	0.8454
42580	0.844
42579	0.8422
42578	0.83875
42577	0.8371
42576	0.8367
42573	0.84108
42572	0.83595
42571	0.83605
42570	0.8395
42569	0.83372
42566	0.83275
42565	0.83311
42564	0.83398
42563	0.84275
42562	0.85097
42559	0.85243
42558	0.85085
42557	0.853
42556	0.84997
42555	0.83905
42552	0.8383
42551	0.8265
42550	0.8255
42549	0.8272
42548	0.834
42545	0.8075
42544	0.76595
42543	0.76793
42542	0.76755
42541	0.77375
42538	0.7877
42537	0.79033
42536	0.79158
42535	0.79478
42534	0.79515
42531	0.7848
42530	0.78438
42529	0.78048
42528	0.7788
42527	0.7872
42524	0.77285
42523	0.77335
42522	0.77358
42521	0.76185
42520	0.76125
42517	0.76245
42516	0.7597
42515	0.75925
42514	0.76513
42513	0.77443
42510	0.77008
42509	0.76585
42508	0.77485
42507	0.7815
42506	0.788
42503	0.78758
42502	0.78888
42501	0.78958
42500	0.7876
42499	0.78998
42496	0.7885
42495	0.7886
42494	0.79284
42493	0.79103
42492	0.78248
42489	0.78025
42488	0.77838
42487	0.77475
42486	0.77483
42485	0.7764
42482	0.78335
42481	0.78693
42480	0.791
42479	0.78975
42478	0.7978
42475	0.79575
42474	0.7956
42473	0.79388
42472	0.7984
42471	0.8006
42468	0.8073
42467	0.80728
42466	0.80808
42465	0.8016
42464	0.79738
42461	0.7989
42460	0.79155
42459	0.7858
42458	0.7845
42453	0.78938
42452	0.78985
42451	0.7879
42450	0.78303
42447	0.77855
42446	0.78218
42445	0.7873
42444	0.78358
42443	0.77428
42440	0.77595
42439	0.76728
42438	0.77135
42437	0.77608
42436	0.77438
42433	0.77483
42432	0.77435
42431	0.7741
42430	0.778
42429	0.7858
42426	0.78745
42425	0.7892
42424	0.78935
42423	0.77985
42422	0.78243
42419	0.77715
42418	0.77143
42417	0.77835
42416	0.7758
42415	0.772
42412	0.77735
42411	0.7874
42410	0.77328
42409	0.77945
42408	0.7724
42405	0.76975
42404	0.76595
42403	0.7533
42402	0.7586
42401	0.761
42398	0.7641
42397	0.76228
42396	0.75965
42395	0.76095
42394	0.7589
42391	0.75459
42390	0.77182
42389	0.77
42388	0.76473
42387	0.76263
42384	0.7615
42383	0.75703
42382	0.7502
42381	0.7508
42380	0.74705
42377	0.74519
42376	0.74545
42375	0.7344
42374	0.73235
42373	0.7381
42369	0.73395
42368	0.73799
42367	0.74005
42366	0.73535
42362	0.7342
42361	0.733
42360	0.7362
42359	0.72985
42356	0.72666
42355	0.7266
42354	0.7283
42353	0.7252
42352	0.726
42349	0.7224
42348	0.7235
42347	0.7251
42346	0.7271
42345	0.7177
42342	0.7201
42341	0.7122
42340	0.7059
42339	0.7036
42338	0.7048
42335	0.7029
42334	0.7028
42333	0.70175
42332	0.7062
42331	0.7025
42328	0.701
42327	0.6998
42326	0.7009
42325	0.7017
42324	0.7058
42321	0.70705
42320	0.7064
42319	0.706
42318	0.7084
42317	0.7141
42314	0.71765
42313	0.7126
42312	0.7094
42311	0.71315
42310	0.7132
42307	0.7182
42306	0.7167
42305	0.7248
42304	0.7214
42303	0.7184
42300	0.71955
42299	0.7314
42298	0.7349
42297	0.7352
42296	0.7317
42293	0.7356
42292	0.7397
42291	0.7418
42290	0.748
42289	0.7401
42286	0.7407
42285	0.7366
42284	0.7358
42283	0.7399
42282	0.7402
42279	0.7358
42278	0.7367
42277	0.7385
42276	0.7391
42275	0.7352
42272	0.73475
42271	0.7387
42270	0.7297
42269	0.7223
42268	0.7243
42265	0.7298
42264	0.72865
42263	0.72665
42262	0.7346
42261	0.7334
42258	0.7306
42257	0.72655
42256	0.7251
42255	0.7244
42254	0.73035
42251	0.7315
42250	0.7345
42249	0.7369
42248	0.7328
42247	0.72753
42244	0.7321
42243	0.7312
42242	0.7314
42241	0.729
42240	0.7302
42237	0.7198
42236	0.7138
42235	0.7049
42234	0.7042
42233	0.7105
42230	0.7145
42229	0.7106
42228	0.7149
42227	0.7088
42226	0.7071
42223	0.7051
42222	0.7014
42221	0.6963
42220	0.70275
42219	0.7028
42216	0.7041
42215	0.701
42214	0.7053
42213	0.7074
42212	0.7127
42209	0.7069
42208	0.7044
42207	0.6982
42206	0.6987
42205	0.6971
42202	0.6983
42201	0.6981
42200	0.7045
42199	0.7084
42198	0.7115
42195	0.7208
42194	0.7176
42193	0.7173
42192	0.7077
42191	0.708
42188	0.7102
42187	0.7103
42186	0.70905
42185	0.7114
42184	0.7085
42181	0.7123
42180	0.7126
42179	0.7118
42178	0.7101
42177	0.7169
42174	0.7134
42173	0.7167
42172	0.717
42171	0.7182
42170	0.7234
42167	0.7245
42166	0.7266
42165	0.7284
42164	0.7354
42163	0.7318
42160	0.7317
42159	0.7354
42158	0.7275
42157	0.7243
42156	0.71925
42153	0.719
42152	0.7124
42151	0.707
42150	0.7096
42149	0.71
42146	0.7138
42145	0.7099
42144	0.7157
42143	0.72185
42142	0.727
42139	0.7211
42138	0.7231
42137	0.7174
42136	0.7164
42135	0.7196
42132	0.728
42131	0.7425
42130	0.7376
42129	0.735
42128	0.73788
42124	0.7267
42123	0.7161
42122	0.715
42121	0.7162
42118	0.7159
42117	0.717
42116	0.7129
42115	0.7187
42114	0.71955
42111	0.7199
42110	0.7189
42109	0.7168
42108	0.7217
42107	0.7215
42104	0.7244
42103	0.7268
42102	0.7264
42101	0.7286
42096	0.7316
42095	0.7285
42094	0.7273
42093	0.7328
42090	0.7298
42089	0.7371
42088	0.7365
42087	0.7344
42086	0.7318
42083	0.7255
42082	0.7183
42081	0.723
42080	0.71995
42079	0.7131
42076	0.71525
42075	0.7091
42074	0.70355
42073	0.7128
42072	0.7186
42069	0.722
42068	0.7251
42067	0.7259
42066	0.7276
42065	0.7294
42062	0.7278
42061	0.7301
42060	0.7328
42059	0.7344
42058	0.7352
42055	0.7348
42054	0.7379
42053	0.7372
42052	0.7434
42051	0.7421
42048	0.7401
42047	0.7376
42046	0.7396
42045	0.742
42044	0.7415
42041	0.7473
42040	0.7482
42039	0.7516
42038	0.75395
42037	0.7526
42034	0.7511
42033	0.74775
42032	0.7466
42031	0.74725
42030	0.74895
42027	0.7473
42026	0.7644
42025	0.7671
42024	0.7637
42023	0.7664
42020	0.7637
42019	0.7672
42018	0.7753
42017	0.7767
42016	0.7791
42013	0.7799
42012	0.7811
42011	0.7823
42010	0.7842
42009	0.7827
42006	0.78
42004	0.7789
42003	0.7823
42002	0.7842
41997	0.7865
41996	0.7867
41995	0.7849
41992	0.7847
41991	0.7865
41990	0.7932
41989	0.7965
41988	0.7936
41985	0.7925
41984	0.7927
41983	0.78975
41982	0.79015
41981	0.7845
41978	0.7881
41977	0.7861
41976	0.7862
41975	0.7936
41974	0.7927
41971	0.7953
41970	0.792
41969	0.79095
41968	0.7929
41967	0.7916
41964	0.7921
41963	0.7989
41962	0.79965
41961	0.7994
41960	0.7989
41957	0.7944
41956	0.7912
41955	0.788
41954	0.7836
41953	0.7852
41950	0.7834
41949	0.78615
41948	0.7843
41947	0.7819
41946	0.78085
41943	0.78425
41942	0.7872
41941	0.79095
41940	0.7881
41939	0.7871
41936	0.7887
41935	0.7904
41934	0.7909
41933	0.79
41932	0.7914
41929	0.7955
41928	0.797
41927	0.7957
41926	0.7945
41925	0.788
41922	0.7882
41921	0.7875
41920	0.787
41919	0.784
41918	0.78575
41915	0.78525
41914	0.7824
41913	0.7782
41912	0.7773
41911	0.7827
41908	0.7807
41907	0.7804
41906	0.7823
41905	0.786
41904	0.7866
41901	0.7865
41900	0.7883
41899	0.7936
41898	0.7992
41897	0.79495
41894	0.7966
41893	0.7958
41892	0.80125
41891	0.8005
41890	0.80235
41887	0.79455
41886	0.7932
41885	0.79855
41884	0.7933
41883	0.79025
41880	0.7953
41879	0.7945
41878	0.794
41877	0.79605
41876	0.79567
41873	0.8003
41872	0.79925
41871	0.7981
41870	0.80265
41869	0.8002
41866	0.80215
41865	0.8016
41864	0.7997
41863	0.7955
41862	0.7976
41859	0.7967
41858	0.794
41857	0.79285
41856	0.7939
41855	0.7972
41852	0.7961
41851	0.7928
41850	0.7917
41849	0.7924
41848	0.79055
41845	0.79115
41844	0.79215
41843	0.7908
41842	0.7905
41841	0.7915
41838	0.79155
41837	0.7909
41836	0.7903
41835	0.7931
41834	0.7966
41831	0.7941
41830	0.79505
41829	0.79555
41828	0.79385
41827	0.79385
41824	0.7926
41823	0.7965
41822	0.7958
41821	0.7981
41820	0.8015
41817	0.79965
41816	0.7991
41815	0.80225
41814	0.8015
41813	0.7994
41810	0.7975
41809	0.79985
41808	0.8005
41807	0.7994
41806	0.7974
41803	0.7979
41802	0.8039
41801	0.807
41800	0.8075
41799	0.80985
41796	0.8108
41795	0.8103
41794	0.813
41793	0.8147
41792	0.8129
41789	0.8131
41788	0.8145
41787	0.8125
41786	0.811
41785	0.8099
41782	0.80935
41781	0.8104
41780	0.8094
41779	0.814
41778	0.8146
41775	0.8148
41774	0.8152
41773	0.8177
41772	0.81395
41771	0.81515
41768	0.81725
41767	0.8233
41766	0.8207
41765	0.82115
41764	0.82293
41761	0.8214
41759	0.823
41758	0.8222
41757	0.8228
41754	0.82285
41753	0.823
41752	0.8239
41751	0.8205
41746	0.8243
41745	0.8239
41744	0.8251
41743	0.8274
41740	0.8291
41739	0.8272
41738	0.82375
41737	0.8242
41736	0.8271
41733	0.8267
41732	0.8297
41731	0.828
41730	0.8292
41729	0.8282
41726	0.8272
41725	0.8277
41724	0.8336
41723	0.8348
41722	0.8354
41719	0.8357
41718	0.83455
41717	0.8368
41716	0.8383
41715	0.83675
41712	0.83665
41711	0.83545
41710	0.8359
41709	0.8336
41708	0.8338
41705	0.8285
41704	0.8234
41703	0.8217
41702	0.8246
41701	0.82305
41698	0.82625
41697	0.82035
41696	0.8226
41695	0.82395
41694	0.82465
41691	0.82183
41690	0.822
41689	0.8251
41688	0.8233
41687	0.81885
41684	0.82035
41683	0.8215
41682	0.8216
41681	0.83075
41680	0.8316
41677	0.8314
41676	0.82875
41675	0.8322
41674	0.82905
41673	0.8259
41670	0.82135
41669	0.8238
41668	0.8221
41667	0.82285
41666	0.82505
41663	0.8291
41662	0.82175
41661	0.819
41660	0.8239
41659	0.8262
41656	0.8262
41655	0.83215
41654	0.8302
41653	0.83145
41652	0.8317
41649	0.828
41648	0.82575
41647	0.8277
41646	0.83115
41645	0.8303
41642	0.83045
41641	0.8282
41639	0.8337
41638	0.8364
41635	0.83665
41632	0.83603
41631	0.8377
41628	0.8348
41627	0.8349
41626	0.8401
41625	0.8456
41624	0.84385
41621	0.8437
41620	0.8397
41619	0.84025
41618	0.83645
41617	0.83765
41614	0.8358
41613	0.8313
41612	0.83
41611	0.8271
41610	0.82605
41607	0.83275
41606	0.83215
41605	0.83405
41604	0.8383
41603	0.8348
41600	0.8344
41599	0.835
41598	0.83765
41597	0.8385
41596	0.8388
41593	0.8377
41592	0.83715
41591	0.8399
41590	0.8447
41589	0.8381
41586	0.83525
41585	0.8321
41584	0.8403
41583	0.8403
41582	0.8456
41579	0.84635
41578	0.8502
41577	0.8559
41576	0.8567
41575	0.8534
41572	0.8519
41571	0.8537
41570	0.8516
41569	0.8476
41568	0.8465
41565	0.84515
41564	0.8476
41563	0.8459
41562	0.84635
41561	0.8483
41558	0.849
41557	0.8481
41556	0.8464
41555	0.84265
41554	0.8437
41551	0.8469
41550	0.8394
41549	0.8341
41548	0.8345
41547	0.83605
41544	0.84
41543	0.8418
41542	0.84165
41541	0.84431
41540	0.84115
41537	0.8436
41536	0.842
41535	0.8358
41534	0.8397
41533	0.8385
41530	0.8399
41529	0.841
41528	0.8414
41527	0.8438
41526	0.8413
41523	0.842
41522	0.8431
41521	0.8438
41520	0.8473
41519	0.84775
41516	0.85395
41515	0.8549
41514	0.8632
41513	0.8609
41512	0.8585
41509	0.8591
41508	0.85505
41507	0.85295
41506	0.8549
41505	0.8529
41502	0.85325
41501	0.8533
41500	0.8544
41499	0.85955
41498	0.8586
41495	0.86135
41494	0.862
41493	0.85955
41492	0.86575
41491	0.86425
41488	0.87135
41487	0.8692
41486	0.8735
41485	0.86735
41484	0.8634
41481	0.86105
41480	0.8637
41479	0.8626
41478	0.85955
41477	0.859
41474	0.85995
41473	0.8609
41472	0.86315
41471	0.8693
41470	0.8647
41467	0.8627
41466	0.8629
41465	0.8602
41464	0.865
41463	0.8616
41460	0.86055
41459	0.8598
41458	0.8492
41457	0.8579
41456	0.85625
41453	0.8572
41452	0.8531
41451	0.8482
41450	0.8486
41449	0.85115
41446	0.8533
41445	0.8545
41444	0.8558
41443	0.8562
41442	0.84755
41439	0.8515
41438	0.8495
41437	0.84825
41436	0.8539
41435	0.8504
41432	0.8513
41431	0.8491
41430	0.85105
41429	0.8558
41428	0.8518
41425	0.85365
41424	0.8557
41423	0.85695
41422	0.8553
41421	0.8556
41418	0.85695
41417	0.85515
41416	0.8557
41415	0.8491
41414	0.8456
41411	0.84475
41410	0.8455
41409	0.8464
41408	0.84815
41407	0.8441
41404	0.8443
41403	0.84435
41402	0.8469
41401	0.8442
41400	0.8431
41397	0.8431
41396	0.8466
41394	0.8443
41393	0.844
41390	0.84
41389	0.8458
41388	0.8525
41387	0.85165
41386	0.8563
41383	0.8544
41382	0.8548
41381	0.8613
41380	0.8569
41379	0.8529
41376	0.8497
41375	0.852
41374	0.8548
41373	0.85175
41372	0.85095
41369	0.8491
41368	0.84745
41367	0.8484
41366	0.8469
41361	0.8456
41360	0.84515
41359	0.849
41358	0.8516
41355	0.8528
41354	0.85165
41353	0.8552
41352	0.85585
41351	0.8562
41348	0.864
41347	0.8657
41346	0.8678
41345	0.8763
41344	0.87335
41341	0.871
41340	0.865
41339	0.8644
41338	0.8598
41337	0.864
41334	0.8647
41333	0.863
41332	0.86405
41331	0.8633
41330	0.8789
41327	0.86205
41326	0.8642
41325	0.8733
41324	0.8631
41323	0.8619
41320	0.8604
41319	0.8594
41318	0.866
41317	0.8615
41316	0.8535
41313	0.84635
41312	0.8624
41311	0.8631
41310	0.8599
41309	0.8619
41306	0.8617
41305	0.857
41304	0.8583
41303	0.8536
41302	0.8545
41299	0.8514
41298	0.8439
41297	0.8407
41296	0.83965
41295	0.839
41292	0.8372
41291	0.8341
41290	0.8301
41289	0.83025
41288	0.8312
41285	0.8232
41284	0.8172
41283	0.81505
41282	0.8145
41281	0.8117
41278	0.8123
41277	0.81075
41276	0.814
41274	0.8161
41271	0.81695
41270	0.8199
41267	0.8175
41264	0.8142
41263	0.8146
41262	0.8161
41261	0.8128
41260	0.812
41257	0.8115
41256	0.81005
41255	0.80775
41254	0.8074
41253	0.8044
41250	0.8061
41249	0.81135
41248	0.8119
41247	0.8123
41246	0.8121
41243	0.8108
41242	0.81053
41241	0.80687
41240	0.8081
41239	0.80995
41236	0.8101
41235	0.8077
41234	0.8037
41233	0.80465
41232	0.8032
41229	0.80245
41228	0.80545
41227	0.8026
41226	0.79965
41225	0.802
41222	0.79725
41221	0.79655
41220	0.7984
41219	0.80095
41218	0.7999
41215	0.8016
41214	0.80315
41213	0.80645
41212	0.8062
41211	0.80455
41208	0.8012
41207	0.8049
41206	0.8083
41205	0.81365
41204	0.8145
41201	0.81275
41200	0.8119
41199	0.8115
41198	0.8097
41197	0.80745
41194	0.8065
41193	0.80525
41192	0.80495
41191	0.8079
41190	0.8084
41187	0.80325
41186	0.80395
41185	0.80085
41184	0.8006
41183	0.7983
41180	0.79805
41179	0.7939
41178	0.7949
41177	0.7965
41176	0.7968
41173	0.7987
41172	0.80017
41171	0.8027
41170	0.8035
41169	0.80695
41166	0.80745
41165	0.80145
41164	0.8017
41163	0.7978
41162	0.7997
41159	0.7967
41158	0.7936
41157	0.79035
41156	0.7921
41155	0.7912
41152	0.79525
41151	0.7911
41150	0.7918
41149	0.7947
41148	0.79244
41145	0.7896
41144	0.7911
41143	0.78785
41142	0.78835
41141	0.78345
41138	0.78515
41137	0.78195
41136	0.7826
41135	0.786
41134	0.78615
41131	0.7861
41130	0.7871
41129	0.7888
41128	0.7934
41127	0.795
41124	0.78745
41123	0.7904
41122	0.7875
41121	0.78395
41120	0.77985
41117	0.78295
41116	0.7828
41115	0.7832
41114	0.7785
41113	0.7798
41110	0.77835
41109	0.783
41108	0.784
41107	0.78615
41106	0.7844
41103	0.7875
41102	0.7886
41101	0.78815
41100	0.7921
41099	0.7936
41096	0.7965
41095	0.7984
41094	0.8032
41093	0.80275
41092	0.8041
41089	0.8068
41088	0.79885
41087	0.7999
41086	0.7996
41085	0.80285
41082	0.8042
41081	0.80695
41080	0.806
41079	0.8052
41078	0.806
41075	0.8119
41074	0.8092
41073	0.8063
41072	0.80385
41071	0.8077
41068	0.80795
41067	0.8086
41066	0.8063
41065	0.81005
41064	0.80845
41061	0.805
41060	0.7999
41059	0.79775
41058	0.7994
41057	0.8001
41054	0.8003
41053	0.80095
41052	0.8044
41051	0.8087
41050	0.8075
41047	0.8042
41046	0.8008
41045	0.79925
41044	0.8001
41043	0.8
41040	0.8033
41039	0.8018
41038	0.80495
41037	0.80645
41036	0.80647
41033	0.81195
41032	0.81125
41031	0.81205
41029	0.81295
41026	0.8153
41025	0.8164
41024	0.8194
41023	0.8154
41022	0.8166
41019	0.81875
41018	0.8171
41017	0.81915
41016	0.8234
41015	0.8227
41012	0.8248
41011	0.8247
41010	0.82595
41009	0.8269
41004	0.8242
41003	0.8285
41002	0.83255
41001	0.83105
40998	0.8339
40997	0.8358
40996	0.839
40995	0.8359
40994	0.8352
40991	0.8363
40990	0.8333
40989	0.83495
40988	0.8322
40987	0.82845
40984	0.8295
40983	0.83345
40982	0.8314
40981	0.83575
40980	0.8392
40977	0.83595
40976	0.83865
40975	0.8349
40974	0.83255
40973	0.83465
40970	0.8327
40969	0.8349
40968	0.8439
40967	0.8479
40966	0.845
40963	0.84815
40962	0.8461
40961	0.8442
40960	0.8364
40959	0.8364
40956	0.8311
40955	0.82845
40954	0.8348
40953	0.83765
40952	0.83885
40949	0.8363
40948	0.83665
40947	0.83495
40946	0.8302
40945	0.8281
40942	0.8322
40941	0.82765
40940	0.8312
40939	0.8351
40938	0.8358
40935	0.83685
40934	0.838
40933	0.83205
40932	0.8346
40931	0.83625
40928	0.8339
40927	0.8356
40926	0.83385
40925	0.83045
40924	0.82745
40921	0.8332
40920	0.83055
40919	0.8259
40918	0.8282
40917	0.824
40914	0.8264
40913	0.82675
40912	0.8311
40911	0.8351
40910	0.83514
40907	0.8353
40906	0.836
40905	0.8342
40904	0.8335
40900	0.8331
40899	0.8325
40898	0.8323
40897	0.8368
40896	0.8398
40893	0.84055
40892	0.83935
40891	0.839
40890	0.84625
40889	0.848
40886	0.85315
40885	0.8528
40884	0.85745
40883	0.85655
40882	0.85925
40879	0.8602
40878	0.8591
40877	0.8558
40876	0.85365
40875	0.8582
40872	0.85585
40871	0.8606
40870	0.8603
40869	0.8657
40868	0.86
40865	0.85805
40864	0.854
40863	0.8543
40862	0.85345
40861	0.8566
40858	0.8568
40857	0.85335
40856	0.85385
40855	0.85805
40854	0.85655
40851	0.86125
40850	0.8593
40849	0.8619
40848	0.85515
40847	0.8731
40844	0.87935
40843	0.8763
40842	0.8719
40841	0.8701
40840	0.8691
40837	0.86775
40836	0.875
40835	0.87495
40834	0.8702
40833	0.874
40830	0.8748
40829	0.87585
40828	0.87535
40827	0.8702
40826	0.8689
40823	0.8648
40822	0.8668
40821	0.863
40820	0.8565
40819	0.8596
40816	0.86665
40815	0.87065
40814	0.87175
40813	0.8698
40812	0.8696
40809	0.87235
40808	0.87325
40807	0.8731
40806	0.8723
40805	0.8681
40802	0.8717
40801	0.87295
40800	0.8695
40799	0.86315
40798	0.86015
40795	0.8659
40794	0.8767
40793	0.878
40792	0.8771
40791	0.8751
40788	0.8789
40787	0.8812
40786	0.8856
40785	0.88365
40784	0.8846
40781	0.88565
40780	0.8812
40779	0.8771
40778	0.876
40777	0.87365
40774	0.86965
40773	0.8706
40772	0.8776
40771	0.8785
40770	0.877
40767	0.87635
40766	0.8757
40765	0.8843
40764	0.8731
40763	0.8691
40760	0.86905
40759	0.87145
40758	0.87255
40757	0.8718
40756	0.87955
40753	0.87485
40752	0.8739
40751	0.8831
40750	0.88235
40749	0.8825
40746	0.8827
40745	0.8787
40744	0.88065
40743	0.8789
40742	0.87315
40739	0.8775
40738	0.88095
40737	0.8823
40736	0.88265
40735	0.8807
40732	0.8932
40731	0.8921
40730	0.89485
40729	0.8984
40728	0.9015
40725	0.905
40724	0.90255
40723	0.8998
40722	0.8942
40721	0.8897
40718	0.88855
40717	0.8896
40716	0.8931
40715	0.8867
40714	0.8795
40711	0.8826
40710	0.8753
40709	0.8797
40708	0.881
40707	0.8806
40704	0.8884
40703	0.8894
40702	0.8929
40701	0.89245
40700	0.8903
40697	0.8875
40696	0.88295
40695	0.87705
40694	0.87205
40693	0.8671
40690	0.86685
40689	0.8685
40688	0.8672
40687	0.87285
40686	0.86975
40683	0.87705
40682	0.8813
40681	0.88065
40680	0.8729
40679	0.8725
40676	0.87795
40675	0.87015
40674	0.87075
40673	0.8779
40672	0.87925
40669	0.8839
40668	0.89865
40667	0.8999
40666	0.89695
40665	0.8892
40662	0.8917
40661	0.8888
40660	0.8864
40659	0.88715
40654	0.8813
40653	0.8867
40652	0.878
40651	0.8775
40648	0.8838
40647	0.8825
40646	0.8898
40645	0.88845
40644	0.8836
40641	0.88095
40640	0.8759
40639	0.8775
40638	0.87285
40637	0.88095
40634	0.8815
40633	0.8837
40632	0.8789
40631	0.88145
40630	0.87825
40627	0.8778
40626	0.8741
40625	0.8699
40624	0.8678
40623	0.8717
40620	0.8738
40619	0.86745
40618	0.8673
40617	0.8674
40616	0.8659
40613	0.8612
40612	0.85655
40611	0.859
40610	0.8605
40609	0.861
40606	0.85805
40605	0.8513
40604	0.8478
40603	0.8494
40602	0.8528
40599	0.8553
40598	0.8513
40597	0.8459
40596	0.84584
40595	0.8425
40592	0.8395
40591	0.8409
40590	0.8419
40589	0.8375
40588	0.84
40585	0.8457
40584	0.8478
40583	0.85
40582	0.8486
40581	0.8402
40578	0.8472
40577	0.84865
40576	0.8519
40575	0.8536
40574	0.8609
40571	0.8609
40570	0.85955
40569	0.86325
40568	0.862
40567	0.8516
40564	0.84825
40563	0.8436
40562	0.8433
40561	0.83565
40560	0.8361
40557	0.8422
40556	0.83575
40555	0.83155
40554	0.8319
40553	0.8318
40550	0.8383
40549	0.8445
40548	0.8483
40547	0.85875
40546	0.86131
40543	0.86075
40542	0.8602
40541	0.8539
40540	0.85345
40539	0.8523
40536	0.8496
40535	0.8482
40534	0.8492
40533	0.8503
40532	0.8462
40529	0.85185
40528	0.84795
40527	0.8529
40526	0.84865
40525	0.84375
40522	0.83715
40521	0.8382
40520	0.8367
40519	0.8467
40518	0.8472
40515	0.848
40514	0.8445
40513	0.8393
40512	0.83765
40511	0.844
40508	0.8447
40507	0.84645
40506	0.8438
40505	0.84795
40504	0.8549
40501	0.8552
40500	0.8522
40499	0.84895
40498	0.851
40497	0.8479
40494	0.8507
40493	0.8491
40492	0.85685
40491	0.86235
40490	0.8627
40487	0.8679
40486	0.87585
40485	0.8703
40484	0.8749
40483	0.86675
40480	0.8686
40479	0.8704
40478	0.87235
40477	0.87685
40476	0.89255
40473	0.8873
40472	0.8902
40471	0.882
40470	0.8806
40469	0.8747
40466	0.8775
40465	0.8792
40464	0.8812
40463	0.8736
40462	0.8746
40459	0.8751
40458	0.87465
40457	0.8726
40456	0.8667
40455	0.8656
40452	0.8676
40451	0.85995
40450	0.8618
40449	0.84985
40448	0.8504
40445	0.85345
40444	0.8505
40443	0.8553
40442	0.84545
40441	0.8383
40438	0.83575
40437	0.8372
40436	0.8355
40435	0.8343
40434	0.8312
40431	0.8234
40430	0.8258
40429	0.82205
40428	0.8316
40427	0.83825
40424	0.8332
40423	0.83275
40422	0.83105
40421	0.8248
40420	0.8165
40417	0.8206
40416	0.81745
40415	0.8185
40414	0.8193
40413	0.8169
40410	0.8191
40409	0.82055
40408	0.8233
40407	0.823
40406	0.8211
40403	0.8212
40402	0.8206
40401	0.8278
40400	0.8352
40399	0.8304
40396	0.8301
40395	0.8293
40394	0.8284
40393	0.8298
40392	0.826
40389	0.8349
40388	0.8367
40387	0.83395
40386	0.8382
40385	0.83425
40382	0.8372
40381	0.8428
40380	0.83945
40379	0.84745
40378	0.8483
40375	0.84535
40374	0.83565
40373	0.8343
40372	0.8318
40371	0.8363
40368	0.836
40367	0.8356
40366	0.8319
40365	0.8295
40364	0.8275
40361	0.8252
40360	0.82215
40359	0.81745
40358	0.8104
40357	0.82
40354	0.8236
40353	0.8185
40352	0.8229
40351	0.834
40350	0.8341
40347	0.8357
40346	0.8349
40345	0.83085
40344	0.832
40343	0.8308
40340	0.8293
40339	0.8252
40338	0.8259
40337	0.82805
40336	0.8246
40333	0.82745
40332	0.8357
40331	0.83345
40330	0.8347
40329	0.84863
40326	0.84995
40325	0.84625
40324	0.8547
40323	0.85205
40322	0.8608
40319	0.87035
40318	0.8644
40317	0.85805
40316	0.85895
40315	0.8554
40312	0.8571
40311	0.853
40310	0.8494
40309	0.8596
40308	0.86405
40305	0.86805
40304	0.84295
40303	0.8551
40302	0.86325
40301	0.868
40298	0.8703
40297	0.86785
40296	0.8708
40295	0.86705
40294	0.8624
40291	0.8673
40290	0.86675
40289	0.869
40288	0.8765
40287	0.8805
40284	0.8771
40283	0.87735
40282	0.8814
40281	0.8812
40280	0.8825
40277	0.872
40276	0.875
40275	0.87885
40274	0.8824
40269	0.88485
40268	0.8898
40267	0.8933
40266	0.8994
40263	0.9004
40262	0.8944
40261	0.8946
40260	0.9005
40259	0.899
40256	0.8945
40255	0.894
40254	0.8962
40253	0.9069
40252	0.9105
40249	0.9083
40248	0.9086
40247	0.9114
40246	0.9064
40245	0.9024
40242	0.9025
40241	0.905
40240	0.9057
40239	0.90635
40238	0.9067
40235	0.8927
40234	0.8809
40233	0.8775
40232	0.8802
40231	0.8797
40228	0.8783
40227	0.8704
40226	0.869
40225	0.8705
40224	0.8676
40221	0.8691
40220	0.8775
40219	0.8798
40218	0.8804
40217	0.8761
40214	0.87325
40213	0.8731
40212	0.8762
40211	0.87375
40210	0.87485
40207	0.86655
40206	0.8616
40205	0.86725
40204	0.8733
40203	0.8773
40200	0.8763
40199	0.87
40198	0.8692
40197	0.8743
40196	0.8795
40193	0.88105
40192	0.8905
40191	0.8946
40190	0.8972
40189	0.8989
40186	0.8934
40185	0.8996
40184	0.8986
40183	0.90045
40182	0.8914
40178	0.8881
40177	0.904
40176	0.9027
40175	0.90143
40171	0.9008
40170	0.8947
40169	0.89305
40168	0.8918
40165	0.887
40164	0.88995
40163	0.88945
40162	0.896
40161	0.9006
40158	0.90515
40157	0.9043
40156	0.9046
40155	0.907
40154	0.90505
40151	0.9048
40150	0.90915
40149	0.9043
40148	0.90985
40147	0.91155
40144	0.9091
40143	0.911
40142	0.9031
40141	0.9031
40140	0.90075
40137	0.89915
40136	0.89385
40135	0.8895
40134	0.88625
40133	0.89485
40130	0.89125
40129	0.902
40128	0.9029
40127	0.8986
40126	0.89365
40123	0.896
40122	0.8953
40121	0.8936
40120	0.8986
40119	0.9033
40116	0.89375
40115	0.8975
40114	0.9057
40113	0.90775
40112	0.9194
40109	0.9172
40108	0.9053
40107	0.9001
40106	0.9117
40105	0.9143
40102	0.91175
40101	0.9147
40100	0.93025
40099	0.9408
40098	0.9333
40095	0.92285
40094	0.92
40093	0.9249
40092	0.92605
40091	0.9171
40088	0.9172
40087	0.91085
40086	0.9093
40085	0.9118
40084	0.92265
40081	0.91875
40080	0.91065
40079	0.8994
40078	0.9047
40077	0.9066
40074	0.9003
40073	0.8905
40072	0.8897
40071	0.8869
40070	0.879
40067	0.8739
40066	0.87575
40065	0.8793
40064	0.87365
40063	0.8735
40060	0.872
40059	0.8747
40058	0.8751
40057	0.8815
40056	0.88135
40053	0.8784
40052	0.8804
40051	0.878
40050	0.87405
40049	0.8682
40046	0.8657
40045	0.8638
40044	0.8608
40043	0.8566
40042	0.8629
40039	0.8616
40038	0.85865
40037	0.85965
40036	0.8584
40035	0.85355
40032	0.8567
40031	0.8524
40030	0.84695
40029	0.84845
40028	0.8492
40025	0.8556
40024	0.8524
40023	0.8611
40022	0.8622
40021	0.8653
40018	0.867
40017	0.8617
40016	0.8648
40015	0.8653
40014	0.8601
40011	0.8653
40010	0.8591
40009	0.8576
40008	0.85755
40007	0.8678
40004	0.858
40003	0.8606
40002	0.86495
40001	0.8638
40000	0.8612
39997	0.85625
39996	0.8573
39995	0.8562
39994	0.8521
39993	0.84865
39990	0.8543
39989	0.8567
39988	0.8493
39987	0.85735
39986	0.84255
39983	0.84715
39982	0.8583
39981	0.8522
39980	0.8437
39979	0.8472
39976	0.8538
39975	0.8507
39974	0.8583
39973	0.8632
39972	0.8709
39969	0.8792
39968	0.8689
39967	0.8597
39966	0.8652
39965	0.868
39962	0.8729
39961	0.87
39960	0.8706
39959	0.876
39958	0.8803
39955	0.8781
39954	0.879
39953	0.8826
39952	0.8794
39951	0.8825
39948	0.8905
39947	0.8981
39946	0.8998
39945	0.8934
39944	0.8986
39941	0.8907
39940	0.8847
39939	0.8861
39938	0.8859
39937	0.8897
39933	0.89335
39932	0.89875
39931	0.89035
39930	0.90075
39927	0.906
39926	0.8968
39925	0.8882
39924	0.8886
39923	0.8896
39920	0.8828
39919	0.8856
39918	0.8821
39917	0.8915
39912	0.9044
39911	0.89935
39910	0.90505
39909	0.9052
39906	0.9093
39905	0.9129
39904	0.9206
39903	0.9308
39902	0.9291
39899	0.9285
39898	0.9316
39897	0.92425
39896	0.9206
39895	0.92945
39892	0.9395
39891	0.9405
39890	0.9391
39889	0.9265
39888	0.92055
39885	0.922
39884	0.9308
39883	0.9255
39882	0.9229
39881	0.9114
39878	0.89
39877	0.8903
39876	0.8902
39875	0.89575
39874	0.8933
39871	0.8931
39870	0.8913
39869	0.8884
39868	0.8797
39867	0.878
39864	0.881
39863	0.8823
39862	0.8846
39861	0.8851
39860	0.8945
39857	0.88415
39856	0.903
39855	0.9
39854	0.8771
39853	0.871
39850	0.8706
39849	0.878
39848	0.8901
39847	0.9029
39846	0.90335
39843	0.89785
39842	0.91725
39841	0.92725
39840	0.9352
39839	0.9395
39836	0.9387
39835	0.9441
39834	0.9386
39833	0.9311
39832	0.9047
39829	0.8893
39828	0.8966
39827	0.9083
39826	0.9112
39825	0.8956
39822	0.8948
39821	0.8933
39820	0.9043
39819	0.9176
39818	0.9358
39815	0.961
39813	0.9525
39812	0.9742
39811	0.97855
39806	0.9493
39805	0.94395
39804	0.9432
39801	0.9287
39800	0.9509
39799	0.91855
39798	0.8936
39797	0.8994
39794	0.89235
39793	0.8869
39792	0.87325
39791	0.8711
39790	0.8651
39787	0.8666
39786	0.8626
39785	0.85475
39784	0.84695
39783	0.84155
39780	0.8299
39779	0.8358
39778	0.8456
39777	0.85375
39776	0.8517
39773	0.841
39772	0.8421
39771	0.8398
39770	0.8421
39769	0.84825
39766	0.8598
39765	0.8442
39764	0.8231
39763	0.8147
39762	0.8165
39759	0.80845
39758	0.805
39757	0.8065
39756	0.8075
39755	0.7969
39752	0.7869
39751	0.7907
39750	0.7958
39749	0.7979
39748	0.8063
39745	0.8061
39744	0.7917
39743	0.78815
39742	0.777
39741	0.77165
39738	0.7751
39737	0.78265
39736	0.77615
39735	0.78105
39734	0.7854
39731	0.798
39730	0.7895
39729	0.7809
39728	0.77725
39727	0.7728
39724	0.78355
39723	0.7872
39722	0.7919
39721	0.7903
39720	0.7959
39717	0.79475
39716	0.792
39715	0.79235
39714	0.79505
39713	0.792
39710	0.7873
39709	0.7944
39708	0.79515
39707	0.7975
39706	0.79395
39703	0.7962
39702	0.7941
39701	0.802
39700	0.803
39699	0.8072
39696	0.8093
39695	0.813
39694	0.8133
39693	0.81295
39692	0.81165
39689	0.805
39688	0.8047
39687	0.7997
39686	0.7953
39685	0.7966
39682	0.7966
39681	0.7936
39680	0.79315
39679	0.7885
39678	0.7881
39675	0.7907
39674	0.7953
39673	0.7942
39672	0.7844
39671	0.78165
39668	0.7841
39667	0.79255
39666	0.79205
39665	0.79285
39664	0.79165
39661	0.78785
39660	0.78895
39659	0.7867
39658	0.78975
39657	0.7925
39654	0.7888
39653	0.789
39652	0.7872
39651	0.79355
39650	0.7946
39647	0.79315
39646	0.7914
39645	0.79395
39644	0.79555
39643	0.7975
39640	0.79915
39639	0.79565
39638	0.79655
39637	0.7944
39636	0.7963
39633	0.7908
39632	0.7992
39631	0.7952
39630	0.7909
39629	0.79225
39626	0.79235
39625	0.79195
39624	0.7907
39623	0.79095
39622	0.79155
39619	0.78965
39618	0.7863
39617	0.7933
39616	0.7944
39615	0.7873
39612	0.78835
39611	0.7912
39610	0.79145
39609	0.79335
39608	0.7974
39605	0.7971
39604	0.7897
39603	0.7902
39602	0.79105
39601	0.7915
39598	0.786
39597	0.7866
39596	0.79315
39595	0.797
39594	0.79655
39591	0.7944
39590	0.79405
39589	0.80145
39588	0.7964
39587	0.7976
39584	0.79585
39583	0.7972
39582	0.7951
39581	0.7938
39580	0.78885
39577	0.7938
39576	0.78505
39575	0.78865
39574	0.7881
39573	0.7852
39570	0.779
39568	0.79015
39567	0.78895
39566	0.7847
39563	0.78605
39562	0.798
39561	0.80345
39560	0.7998
39559	0.8007
39556	0.7907
39555	0.8017
39554	0.8061
39553	0.8049
39552	0.7986
39549	0.8017
39548	0.8011
39547	0.7977
39546	0.7974
39545	0.78935
39542	0.7855
39541	0.7832
39540	0.7885
39539	0.7888
39538	0.7958
39535	0.7908
39534	0.7829
39533	0.7881
39532	0.78105
39527	0.7783
39526	0.7859
39525	0.7817
39524	0.7857
39521	0.76755
39520	0.7658
39519	0.7666
39518	0.76455
39517	0.7605
39514	0.7647
39513	0.7638
39512	0.7685
39511	0.7656
39510	0.766
39507	0.7652
39506	0.76135
39505	0.7576
39504	0.7536
39503	0.7537
39500	0.7548
39499	0.7527
39498	0.7544
39497	0.7555
39496	0.7503
39493	0.7478
39492	0.7416
39491	0.74315
39490	0.7451
39489	0.7462
39486	0.7448
39485	0.7491
39484	0.747
39483	0.74605
39482	0.7502
39479	0.74955
39478	0.7477
39477	0.7434
39476	0.74295
39475	0.743
39472	0.7425
39471	0.74685
39470	0.7472
39469	0.74265
39468	0.74325
39465	0.7481
39464	0.74615
39463	0.754
39462	0.7565
39461	0.76
39458	0.7555
39457	0.7493
39456	0.74865
39455	0.7445
39454	0.74625
39451	0.74495
39450	0.7448
39449	0.7413
39447	0.73335
39444	0.7348
39443	0.72885
39440	0.7271
39437	0.7236
39436	0.7215
39435	0.7175
39434	0.71485
39433	0.7137
39430	0.7157
39429	0.71935
39428	0.7196
39427	0.716
39426	0.7195
39423	0.7202
39422	0.7185
39421	0.7224
39420	0.7149
39419	0.7107
39416	0.71455
39415	0.71475
39414	0.71375
39413	0.71855
39412	0.71795
39409	0.72025
39408	0.71855
39407	0.7197
39406	0.71715
39405	0.71445
39402	0.71625
39401	0.71485
39400	0.7104
39399	0.7047
39398	0.70445
39395	0.7004
39394	0.69625
39393	0.6996
39392	0.69685
39391	0.6962
39388	0.6951
39387	0.6924
39386	0.6973
39385	0.6972
39384	0.69895
39381	0.701
39380	0.69765
39379	0.6955
39378	0.69575
39377	0.6975
39374	0.6973
39373	0.698
39372	0.6973
39371	0.6965
39370	0.69695
39367	0.6985
39366	0.697
39365	0.6926
39364	0.69185
39363	0.69125
39360	0.69285
39359	0.69355
39358	0.6956
39357	0.6938
39356	0.69735
39353	0.6968
39352	0.6993
39351	0.7005
39350	0.70035
39349	0.6969
39346	0.6973
39345	0.6988
39344	0.69865
39343	0.6952
39342	0.6943
39339	0.68915
39338	0.68525
39337	0.6837
39336	0.6802
39335	0.67945
39332	0.6773
39331	0.6773
39330	0.676
39329	0.6752
39328	0.67575
39325	0.67795
39324	0.678
39323	0.6772
39322	0.6789
39321	0.6777
39318	0.67885
39317	0.6765
39316	0.67865
39315	0.68105
39314	0.6789
39311	0.6792
39310	0.6756
39309	0.6775
39308	0.6788
39307	0.67775
39304	0.67685
39303	0.67705
39302	0.67795
39301	0.68055
39300	0.68015
39297	0.6733
39296	0.67325
39295	0.6746
39294	0.674
39293	0.6753
39290	0.672
39289	0.6708
39288	0.66905
39287	0.6707
39286	0.67155
39283	0.6722
39282	0.67455
39281	0.672
39280	0.6732
39279	0.67655
39276	0.67795
39275	0.6783
39274	0.67695
39273	0.67735
39272	0.6763
39269	0.67635
39268	0.6756
39267	0.67535
39266	0.6751
39265	0.67565
39262	0.674
39261	0.67215
39260	0.67295
39259	0.67315
39258	0.6735
39255	0.67305
39254	0.6721
39253	0.6737
39252	0.67465
39251	0.6763
39248	0.67595
39247	0.67605
39246	0.6745
39245	0.676
39244	0.6784
39241	0.67885
39240	0.679
39239	0.6783
39238	0.6783
39237	0.67795
39234	0.67925
39233	0.68005
39232	0.6795
39231	0.6798
39230	0.67853
39227	0.6775
39226	0.6767
39225	0.6794
39224	0.68175
39223	0.68265
39220	0.6839
39219	0.68385
39218	0.68485
39217	0.68485
39216	0.68435
39213	0.6813
39212	0.6807
39211	0.67985
39210	0.6803
39209	0.6823
39206	0.6828
39205	0.6828
39204	0.6821
39202	0.6827
39199	0.68225
39198	0.68215
39197	0.681
39196	0.6793
39195	0.678
39192	0.6793
39191	0.6793
39190	0.6773
39189	0.6763
39188	0.68055
39185	0.6809
39184	0.6807
39183	0.6788
39182	0.6803
39177	0.6797
39176	0.67665
39175	0.6761
39174	0.6761
39171	0.6798
39170	0.6793
39169	0.6795
39168	0.679
39167	0.67635
39164	0.6778
39163	0.67855
39162	0.6789
39161	0.6791
39160	0.68325
39157	0.6842
39156	0.68275
39155	0.68535
39154	0.6831
39153	0.6822
39150	0.6806
39149	0.6814
39148	0.6812
39147	0.67965
39146	0.6822
39143	0.6768
39142	0.67365
39141	0.67365
39140	0.6737
39139	0.6706
39136	0.6692
39135	0.6719
39134	0.6726
39133	0.6733
39132	0.6751
39129	0.6731
39128	0.67115
39127	0.6693
39126	0.66995
39125	0.66565
39122	0.66755
39121	0.6632
39120	0.6585
39119	0.6578
39118	0.66115
39115	0.66135
39114	0.6613
39113	0.66325
39112	0.6603
39111	0.6602
39108	0.65825
39107	0.6585
39106	0.6595
39105	0.6552
39104	0.65485
39101	0.6565
39100	0.6565
39099	0.65685
39098	0.6592
39097	0.65845
39094	0.66165
39093	0.6654
39092	0.6702
39091	0.67025
39090	0.6731
39087	0.6747
39086	0.6739
39085	0.6747
39084	0.6735
39080	0.6715
39079	0.67115
39078	0.67085
39073	0.6715
39072	0.6716
39071	0.6702
39070	0.67125
39069	0.67155
39066	0.6699
39065	0.67155
39064	0.6728
39063	0.6746
39062	0.6762
39059	0.6776
39058	0.6761
39057	0.6754
39056	0.6743
39055	0.6734
39052	0.6729
39051	0.67425
39050	0.6743
39049	0.67625
39048	0.6777
39045	0.6769
39044	0.6765
39043	0.6749
39042	0.6748
39041	0.6768
39038	0.6776
39037	0.6781
39036	0.6784
39035	0.67605
39034	0.6737
39031	0.6723
39030	0.6724
39029	0.67045
39028	0.66975
39027	0.6698
39024	0.6688
39023	0.6691
39022	0.66845
39021	0.6685
39020	0.668
39017	0.6706
39016	0.67155
39015	0.6702
39014	0.67015
39013	0.6706
39010	0.6693
39009	0.6723
39008	0.67005
39007	0.6708
39006	0.6727
39003	0.6744
39002	0.6753
39001	0.67575
39000	0.67475
38999	0.6756
38996	0.6729
38995	0.6761
38994	0.6743
38993	0.6742
38992	0.6779
38989	0.6777
38988	0.67715
38987	0.67105
38986	0.6695
38985	0.6712
38982	0.67365
38981	0.6706
38980	0.6731
38979	0.6732
38978	0.6748
38975	0.6739
38974	0.6743
38973	0.67655
38972	0.6785
38971	0.6816
38968	0.6793
38967	0.67955
38966	0.6791
38965	0.67495
38964	0.67475
38961	0.6728
38960	0.6741
38959	0.67405
38958	0.6745
38957	0.6755
38954	0.6762
38953	0.6774
38952	0.6773
38951	0.6784
38950	0.6808
38947	0.68035
38946	0.6791
38945	0.6762
38944	0.67365
38943	0.67435
38940	0.6738
38939	0.6752
38938	0.6753
38937	0.6738
38936	0.674
38933	0.6759
38932	0.67805
38931	0.68215
38930	0.6837
38929	0.6843
38926	0.6825
38925	0.6842
38924	0.68415
38923	0.6833
38922	0.6816
38919	0.6829
38918	0.683
38917	0.68365
38916	0.6849
38915	0.6884
38912	0.6875
38911	0.6897
38910	0.6915
38909	0.69225
38908	0.69205
38905	0.69445
38904	0.694
38903	0.6937
38902	0.69285
38901	0.6933
38898	0.6921
38897	0.6911
38896	0.69035
38895	0.6907
38894	0.6901
38891	0.688
38890	0.68735
38889	0.6855
38888	0.6824
38887	0.68175
38884	0.6829
38883	0.68225
38882	0.68265
38881	0.68335
38880	0.6824
38877	0.68685
38876	0.6903
38875	0.6878
38874	0.6887
38873	0.6884
38870	0.68685
38869	0.6847
38868	0.6859
38867	0.6847
38866	0.6855
38863	0.685
38862	0.68315
38861	0.68285
38860	0.6821
38859	0.6803
38856	0.6801
38855	0.67755
38854	0.6793
38853	0.6811
38852	0.6812
38849	0.6808
38848	0.6824
38847	0.6861
38846	0.6835
38845	0.6846
38842	0.6868
38841	0.684
38840	0.6869
38839	0.68865
38835	0.6942
38834	0.6958
38833	0.696
38832	0.6944
38831	0.6919
38828	0.69245
38827	0.6924
38826	0.69135
38825	0.6915
38820	0.6903
38819	0.69165
38818	0.6939
38817	0.6938
38814	0.69645
38813	0.70055
38812	0.7006
38811	0.69835
38810	0.6977
38807	0.6964
38806	0.6946
38805	0.69185
38804	0.6907
38803	0.6883
38800	0.6908
38799	0.69175
38798	0.6914
38797	0.6942
38796	0.6937
38793	0.6945
38792	0.69085
38791	0.6892
38790	0.68855
38789	0.69015
38786	0.6862
38785	0.6858
38784	0.68605
38783	0.6858
38782	0.6855
38779	0.685
38778	0.6831
38777	0.6806
38776	0.6796
38775	0.68105
38772	0.6803
38771	0.68185
38770	0.6828
38769	0.6821
38768	0.6848
38765	0.6839
38764	0.68425
38763	0.6835
38762	0.6858
38761	0.6837
38758	0.6839
38757	0.6881
38756	0.6861
38755	0.6859
38754	0.6833
38751	0.6791
38750	0.6788
38749	0.6806
38748	0.6843
38747	0.68365
38744	0.6846
38743	0.6859
38742	0.6867
38741	0.6878
38740	0.6878
38737	0.68525
38736	0.68785
38735	0.6864
38734	0.68535
38733	0.68545
38730	0.6814
38729	0.6846
38728	0.6884
38727	0.6833
38726	0.6834
38723	0.6888
38722	0.6888
38721	0.68815
38720	0.68725
38719	0.6865
38716	0.6853
38715	0.6883
38714	0.6863
38713	0.68295
38709	0.6834
38708	0.681
38707	0.67895
38706	0.6782
38705	0.6796
38702	0.67745
38701	0.6767
38700	0.6783
38699	0.67425
38698	0.6743
38695	0.6732
38694	0.67495
38693	0.6769
38692	0.67905
38691	0.6773
38688	0.67745
38687	0.6798
38686	0.68215
38685	0.6843
38684	0.6855
38681	0.6834
38680	0.68345
38679	0.6846
38678	0.68465
38677	0.68675
38674	0.6815
38673	0.6795
38672	0.6769
38671	0.6732
38670	0.67285
38667	0.6731
38666	0.6729
38665	0.6753
38664	0.6761
38663	0.67655
38660	0.6764
38659	0.67825
38658	0.67895
38657	0.679
38656	0.67665
38653	0.6809
38652	0.6794
38651	0.6798
38650	0.67665
38649	0.6759
38646	0.6771
38645	0.6767
38644	0.68005
38643	0.68415
38642	0.6846
38639	0.6854
38638	0.6849
38637	0.6865
38636	0.6865
38635	0.68825
38632	0.687
38631	0.68175
38630	0.6779
38629	0.6786
38628	0.68
38625	0.68195
38624	0.6826
38623	0.681
38622	0.68025
38621	0.67895
38618	0.6785
38617	0.6787
38616	0.67505
38615	0.6734
38614	0.6728
38611	0.6765
38610	0.6765
38609	0.6734
38608	0.6741
38607	0.67435
38604	0.67535
38603	0.6762
38602	0.6771
38601	0.6767
38600	0.67855
38597	0.6818
38596	0.68335
38595	0.6829
38594	0.68275
38593	0.6816
38590	0.68185
38589	0.682
38588	0.68035
38587	0.6802
38586	0.67815
38583	0.6784
38582	0.67755
38581	0.6793
38580	0.68145
38579	0.6836
38576	0.68675
38575	0.68825
38574	0.69035
38573	0.6929
38572	0.6916
38569	0.6956
38568	0.69385
38567	0.6911
38566	0.6893
38565	0.6914
38562	0.6893
38561	0.6907
38560	0.6903
38559	0.68955
38558	0.6944
38555	0.6951
38554	0.696
38553	0.6943
38552	0.68785
38551	0.68995
38548	0.6862
38547	0.68645
38546	0.6899
38545	0.68815
38544	0.688
38541	0.6863
38540	0.6851
38539	0.6785
38538	0.67735
38537	0.67645
38534	0.679
38533	0.6742
38532	0.6669
38531	0.6646
38530	0.6651
38527	0.663
38526	0.6624
38525	0.66515
38524	0.6645
38523	0.66855
38520	0.6678
38519	0.66465
38518	0.6667
38517	0.6695
38516	0.6683
38513	0.6704
38512	0.6713
38511	0.67095
38510	0.67155
38509	0.6748
38506	0.6757
38505	0.67535
38504	0.67545
38503	0.6771
38502	0.68495
38499	0.6871
38498	0.6874
38497	0.68785
38496	0.68765
38495	0.6863
38492	0.68715
38491	0.6872
38490	0.68835
38489	0.68735
38488	0.6869
38485	0.68015
38484	0.6833
38483	0.6841
38482	0.6828
38481	0.6815
38478	0.68205
38477	0.6807
38476	0.68175
38475	0.67995
38474	0.67625
38471	0.6775
38470	0.6773
38469	0.6796
38468	0.68115
38467	0.67865
38464	0.68285
38463	0.68475
38462	0.6813
38461	0.6807
38460	0.6832
38457	0.682
38456	0.68135
38455	0.68335
38454	0.6854
38453	0.6864
38450	0.6859
38449	0.6874
38448	0.68505
38447	0.6841
38446	0.687
38443	0.68665
38442	0.6885
38441	0.6877
38440	0.68995
38435	0.6944
38434	0.6946
38433	0.6941
38432	0.6941
38429	0.69345
38428	0.6959
38427	0.696
38426	0.6962
38425	0.6974
38422	0.69865
38421	0.69645
38420	0.69385
38419	0.6889
38418	0.6896
38415	0.6876
38414	0.6878
38413	0.6859
38412	0.6879
38411	0.68975
38408	0.68975
38407	0.69395
38406	0.6917
38405	0.6913
38404	0.6891
38401	0.6891
38400	0.6912
38399	0.69135
38398	0.6885
38397	0.6873
38394	0.6897
38393	0.68825
38392	0.6858
38391	0.6876
38390	0.6867
38387	0.6883
38386	0.6894
38385	0.6923
38384	0.69255
38383	0.6912
38380	0.69255
38379	0.6919
38378	0.6927
38377	0.6956
38376	0.6956
38373	0.6953
38372	0.6933
38371	0.69655
38370	0.6978
38369	0.7031
38366	0.7006
38365	0.703
38364	0.6999
38363	0.7001
38362	0.6978
38359	0.7028
38358	0.7039
38357	0.70485
38356	0.7062
38355	0.70725
38352	0.70505
38351	0.7088
38350	0.7083
38349	0.70315
38348	0.7036
38345	0.7033
38344	0.7013
38343	0.69905
38342	0.6923
38341	0.6874
38338	0.68585
38337	0.6863
38336	0.69115
38335	0.6915
38334	0.69225
38331	0.6912
38330	0.6919
38329	0.6895
38328	0.6906
38327	0.6918
38324	0.6901
38323	0.68905
38322	0.69155
38321	0.6966
38320	0.701
38317	0.6997
38316	0.7006
38315	0.69985
38314	0.6995
38313	0.70255
38310	0.7012
38309	0.7025
38308	0.70135
38307	0.69955
38306	0.6989
38303	0.7006
38302	0.7002
38301	0.6987
38300	0.69625
38299	0.69695
38296	0.69775
38295	0.6966
38294	0.6919
38293	0.6916
38292	0.6958
38289	0.69565
38288	0.6957
38287	0.69455
38286	0.69555
38285	0.69455
38282	0.691
38281	0.69005
38280	0.6963
38279	0.6943
38278	0.69185
38275	0.68945
38274	0.6876
38273	0.68625
38272	0.6889
38271	0.6903
38268	0.6891
38267	0.69055
38266	0.6895
38265	0.6896
38264	0.68855
38261	0.69095
38260	0.6868
38259	0.6818
38258	0.6801
38257	0.6787
38254	0.68315
38253	0.68375
38252	0.68345
38251	0.68335
38250	0.6804
38247	0.6801
38246	0.6798
38245	0.6848
38244	0.68135
38243	0.6801
38240	0.6832
38239	0.6828
38238	0.6788
38237	0.68115
38236	0.6782
38233	0.6799
38232	0.6791
38231	0.67775
38230	0.6755
38229	0.6726
38226	0.6718
38225	0.6732
38224	0.6727
38223	0.6725
38222	0.6744
38219	0.6743
38218	0.67655
38217	0.67485
38216	0.6713
38215	0.6702
38212	0.6701
38211	0.6695
38210	0.669
38209	0.6692
38208	0.66605
38205	0.6619
38204	0.6612
38203	0.6596
38202	0.6607
38201	0.66005
38198	0.66255
38197	0.663
38196	0.66165
38195	0.661
38194	0.66105
38191	0.6632
38190	0.6653
38189	0.6673
38188	0.66685
38187	0.6636
38184	0.6645
38183	0.6677
38182	0.6662
38181	0.6647
38180	0.6667
38177	0.66835
38176	0.6668
38175	0.6676
38174	0.6693
38173	0.6705
38170	0.6687
38169	0.6701
38168	0.67075
38167	0.6682
38166	0.6666
38163	0.6666
38162	0.6681
38161	0.6651
38160	0.664
38159	0.66115
38156	0.65595
38155	0.65605
38154	0.6594
38153	0.66445
38152	0.6637
38149	0.65935
38148	0.6614
38147	0.6646
38146	0.6684
38145	0.67025
38142	0.66385
38141	0.6655
38140	0.665
38139	0.6658
38138	0.66475
38135	0.6673
38134	0.6662
38133	0.6664
38132	0.6682
38131	0.6683
38128	0.6717
38127	0.6733
38126	0.6732
38125	0.6774
38124	0.6796
38121	0.6739
38120	0.6703
38119	0.6697
38118	0.672
38117	0.6678
38114	0.6719
38113	0.6746
38112	0.6769
38111	0.6746
38110	0.675
38107	0.6737
38106	0.6713
38105	0.6665
38104	0.6638
38103	0.66365
38100	0.66985
38099	0.6714
38098	0.6682
38097	0.66425
38096	0.66635
38093	0.6684
38092	0.668
38091	0.6621
38090	0.6556
38085	0.6601
38084	0.6586
38083	0.6582
38082	0.6636
38079	0.6663
38078	0.6666
38077	0.6659
38076	0.6681
38075	0.6674
38072	0.66985
38071	0.6725
38070	0.6653
38069	0.6664
38068	0.66945
38065	0.6735
38064	0.67215
38063	0.6756
38062	0.6792
38061	0.6818
38058	0.6814
38057	0.6792
38056	0.6756
38055	0.6721
38054	0.6678
38051	0.6704
38050	0.6663
38049	0.6633
38048	0.667
38047	0.6683
38044	0.67
38043	0.6683
38042	0.6682
38041	0.6712
38040	0.6755
38037	0.6734
38036	0.6708
38035	0.6736
38034	0.6747
38033	0.6758
38030	0.6778
38029	0.6774
38028	0.6779
38027	0.6821
38026	0.6838
38023	0.68315
38022	0.6854
38021	0.6819
38020	0.6836
38019	0.6834
38016	0.6846
38015	0.685
38014	0.68685
38013	0.69085
38012	0.6888
38009	0.6891
38008	0.6888
38007	0.69
38006	0.6913
38005	0.6928
38002	0.6884
38001	0.6916
38000	0.69015
37999	0.6897
37998	0.6925
37995	0.6944
37994	0.69455
37993	0.6978
37992	0.6998
37991	0.7026
37988	0.70545
37986	0.7048
37985	0.7036
37984	0.704
37979	0.70175
37978	0.7025
37977	0.7054
37974	0.7029
37973	0.70155
37972	0.703
37971	0.7062
37970	0.7013
37967	0.70125
37966	0.698
37965	0.7024
37964	0.70335
37963	0.7043
37960	0.7021
37959	0.70045
37958	0.6999
37957	0.69585
37956	0.6965
37953	0.6971
37952	0.6947
37951	0.6968
37950	0.69415
37949	0.69605
37946	0.6983
37945	0.6994
37944	0.7021
37943	0.69705
37942	0.6983
37939	0.697
37938	0.6938
37937	0.693
37936	0.6896
37935	0.6866
37932	0.6871
37931	0.683
37930	0.68385
37929	0.684
37928	0.68365
37925	0.6863
37924	0.68825
37923	0.6858
37922	0.6904
37921	0.6935
37918	0.6948
37917	0.6965
37916	0.695
37915	0.6958
37914	0.69385
37911	0.6936
37910	0.6947
37909	0.69905
37908	0.702
37907	0.70435
37904	0.70845
37903	0.7087
37902	0.7083
37901	0.70455
37900	0.6952
37897	0.7002
37896	0.7015
37895	0.7047
37894	0.6986
37893	0.6931
37890	0.69165
37889	0.69335
37888	0.693
37887	0.6936
37886	0.6968
37883	0.6951
37882	0.699
37881	0.7002
37880	0.7048
37879	0.7038
37876	0.701
37875	0.7036
37874	0.703
37873	0.7025
37872	0.6985
37869	0.6919
37868	0.6887
37867	0.69
37866	0.6921
37865	0.6981
37862	0.6926
37861	0.69035
37860	0.6943
37859	0.6918
37858	0.6909
37855	0.6919
37854	0.6944
37853	0.6974
37852	0.6991
37851	0.7033
37848	0.70375
37847	0.7012
37846	0.7032
37845	0.7065
37844	0.70545
37841	0.70335
37840	0.70635
37839	0.705
37838	0.7045
37837	0.7015
37834	0.6962
37833	0.7019
37832	0.7044
37831	0.7062
37830	0.7068
37827	0.711
37826	0.7116
37825	0.711
37824	0.7083
37823	0.7089
37820	0.70445
37819	0.7051
37818	0.7013
37817	0.70325
37816	0.695
37813	0.69185
37812	0.6981
37811	0.6958
37810	0.6907
37809	0.68855
37806	0.68675
37805	0.6896
37804	0.6937
37803	0.69605
37802	0.6932
37799	0.6901
37798	0.687
37797	0.6915
37796	0.694
37795	0.6947
37792	0.6966
37791	0.6965
37790	0.6965
37789	0.702
37788	0.7046
37785	0.7053
37784	0.70215
37783	0.7047
37782	0.7065
37781	0.7083
37778	0.7093
37777	0.7121
37776	0.7172
37775	0.7173
37774	0.7175
37771	0.7196
37770	0.7158
37769	0.7184
37768	0.7235
37767	0.721
37764	0.7201
37763	0.7163
37762	0.7116
37761	0.713
37760	0.7132
37757	0.7065
37756	0.7072
37755	0.7118
37754	0.7165
37753	0.7197
37750	0.7156
37749	0.7119
37748	0.7121
37747	0.7044
37746	0.6996
37743	0.6998
37741	0.697
37740	0.6891
37739	0.6914
37736	0.6914
37735	0.6915
37734	0.6935
37733	0.6961
37728	0.6917
37727	0.6877
37726	0.6857
37725	0.6827
37722	0.6842
37721	0.69
37720	0.6902
37719	0.6872
37718	0.6828
37715	0.6844
37714	0.6853
37713	0.6877
37712	0.6908
37711	0.6896
37708	0.6865
37707	0.6811
37706	0.6779
37705	0.6784
37704	0.6763
37701	0.6757
37700	0.677
37699	0.6787
37698	0.6774
37697	0.6827
37694	0.6777
37693	0.6771
37692	0.6835
37691	0.6908
37690	0.6905
37687	0.6867
37686	0.6831
37685	0.6876
37684	0.6899
37683	0.6853
37680	0.6842
37679	0.6842
37678	0.6822
37677	0.684
37676	0.68
37673	0.679
37672	0.67445
37671	0.6727
37670	0.6713
37669	0.6704
37666	0.6677
37665	0.6644
37664	0.6638
37663	0.6606
37662	0.6614
37659	0.6628
37658	0.6592
37657	0.6607
37656	0.6571
37655	0.6553
37652	0.6557
37651	0.6534
37650	0.6599
37649	0.6597
37648	0.6647
37645	0.6606
37644	0.6638
37643	0.6645
37642	0.6626
37641	0.6635
37638	0.6582
37637	0.6585
37636	0.6592
37635	0.6583
37634	0.6568
37631	0.6534
37630	0.653
37629	0.6495
37628	0.6496
37627	0.6495
37624	0.65
37623	0.652
37621	0.6505
37620	0.65
37617	0.648
37614	0.6467
37613	0.6446
37610	0.6399
37609	0.6403
37608	0.6403
37607	0.6445
37606	0.6426
37603	0.6445
37602	0.6437
37601	0.6406
37600	0.6416
37599	0.6393
37596	0.6377
37595	0.6364
37594	0.6367
37593	0.6374
37592	0.6382
37589	0.6395
37588	0.6395
37587	0.6413
37586	0.6345
37585	0.6326
37582	0.6335
37581	0.6356
37580	0.6364
37579	0.6373
37578	0.6374
37575	0.6362
37574	0.6355
37573	0.6343
37572	0.6358
37571	0.637
37568	0.6375
37567	0.6384
37566	0.6394
37565	0.6413
37564	0.639
37561	0.6368
37560	0.6326
37559	0.6317
37558	0.6307
37557	0.6299
37554	0.6286
37553	0.6295
37552	0.6313
37551	0.6315
37550	0.63
37547	0.6283
37546	0.62665
37545	0.6318
37544	0.631
37543	0.6322
37540	0.6321
37539	0.6317
37538	0.6318
37537	0.6266
37536	0.6265
37533	0.629
37532	0.6296
37531	0.6279
37530	0.6277
37529	0.6295
37526	0.6282
37525	0.6274
37524	0.6271
37523	0.6311
37522	0.6319
37519	0.6333
37518	0.6314
37517	0.6316
37516	0.6297
37515	0.628
37512	0.6286
37511	0.6274
37510	0.6264
37509	0.6281
37508	0.6287
37505	0.63255
37504	0.6354
37503	0.6354
37502	0.6363
37501	0.6343
37498	0.6352
37497	0.6383
37496	0.6394
37495	0.64
37494	0.6382
37491	0.6384
37490	0.6395
37489	0.6406
37488	0.6416
37487	0.638
37484	0.6403
37483	0.6381
37482	0.6394
37481	0.6391
37480	0.6386
37477	0.6355
37476	0.6335
37475	0.6311
37474	0.6279
37473	0.6297
37470	0.6295
37469	0.6274
37468	0.6261
37467	0.6294
37466	0.6285
37463	0.6337
37462	0.636
37461	0.6331
37460	0.6329
37459	0.6411
37456	0.643
37455	0.6428
37454	0.6432
37453	0.6438
37452	0.6413
37449	0.6382
37448	0.6379
37447	0.6396
37446	0.6425
37445	0.6422
37442	0.6412
37441	0.6414
37440	0.6421
37439	0.6432
37438	0.6469
37435	0.6498
37434	0.646
37433	0.6491
37432	0.6464
37431	0.6501
37428	0.6444
37427	0.6422
37426	0.6408
37425	0.6393
37424	0.6386
37421	0.642
37420	0.6404
37419	0.6431
37418	0.643
37417	0.6473
37414	0.6465
37413	0.6438
37412	0.643
37411	0.645
37410	0.6402
37407	0.6405
37406	0.6395
37405	0.6373
37404	0.6344
37403	0.6318
37400	0.6327
37399	0.6323
37398	0.634
37397	0.6321
37396	0.6302
37393	0.6279
37392	0.6253
37391	0.6228
37390	0.624
37389	0.6244
37386	0.6239
37385	0.6221
37384	0.6227
37383	0.623
37382	0.623
37379	0.6192
37378	0.6179
37376	0.6188
37375	0.6186
37372	0.6177
37371	0.6178
37370	0.615
37369	0.6132
37368	0.6138
37365	0.6144
37364	0.6154
37363	0.6148
37362	0.6126
37361	0.6124
37358	0.6125
37357	0.6127
37356	0.6123
37355	0.6123
37354	0.6118
37351	0.6125
37350	0.6139
37349	0.6121
37348	0.6109
37343	0.613
37342	0.6139
37341	0.6138
37340	0.6135
37337	0.6169
37336	0.618
37335	0.6196
37334	0.6181
37333	0.6174
37330	0.6213
37329	0.6209
37328	0.6192
37327	0.6177
37326	0.6153
37323	0.6162
37322	0.6165
37321	0.6125
37320	0.6109
37319	0.6097
37316	0.6103
37315	0.61115
37314	0.61
37313	0.6092
37312	0.6114
37309	0.6117
37308	0.6105
37307	0.6114
37306	0.6101
37305	0.6098
37302	0.6095
37301	0.6093
37300	0.6102
37299	0.6136
37298	0.6176
37295	0.6183
37294	0.6149
37293	0.6122
37292	0.6115
37291	0.6097
37288	0.61
37287	0.6111
37286	0.611
37285	0.6106
37284	0.6096
37281	0.6126
37280	0.6169
37279	0.6203
37278	0.6184
37277	0.6156
37274	0.6141
37273	0.6144
37272	0.6135
37271	0.6165
37270	0.6157
37267	0.6179
37266	0.6172
37265	0.61875
37264	0.6182
37263	0.6194
37260	0.6217
37259	0.6254
37258	0.6262
37253	0.6085
37252	0.609
37249	0.6127
37246	0.6176
37245	0.6203
37244	0.6197
37243	0.6189
37242	0.6213
37239	0.6217
37238	0.6209
37237	0.6207
37236	0.621
37235	0.6198
37232	0.6241
37231	0.62555
37230	0.627
37229	0.6259
37228	0.6275
37225	0.6238
37224	0.6236
37223	0.6235
37222	0.6236
37221	0.622
37218	0.6219
37217	0.6211
37216	0.6194
37215	0.6227
37214	0.6186
37211	0.6175
37210	0.6149
37209	0.6126
37208	0.6125
37207	0.61355
37204	0.6144
37203	0.6128
37202	0.6155
37201	0.6152
37200	0.6162
37197	0.6183
37196	0.6206
37195	0.6213
37194	0.6232
37193	0.621
37190	0.6234
37189	0.624
37188	0.6257
37187	0.6258
37186	0.627
37183	0.6249
37182	0.6249
37181	0.6241
37180	0.6262
37179	0.6273
37176	0.6248
37175	0.6252
37174	0.6286
37173	0.6257
37172	0.6251
37169	0.6204
37168	0.6192
37167	0.6245
37166	0.6208
37165	0.6174
37162	0.622
37161	0.6244
37160	0.6255
37159	0.6275
37158	0.6266
37155	0.6301
37154	0.632
37153	0.6323
37152	0.6304
37151	0.6304
37148	0.6247
37147	0.6169
37146	0.6176
37145	0.6156
37144	0.6172
37141	0.6161
37140	0.6109
37139	0.6148
37138	0.6197
37137	0.6235
37134	0.6285
37133	0.6257
37132	0.6269
37131	0.6281
37130	0.6307
37127	0.6317
37126	0.6306
37125	0.6326
37124	0.6304
37123	0.633
37120	0.6327
37119	0.6328
37118	0.6344
37117	0.6312
37116	0.6312
37113	0.6269
37112	0.6234
37111	0.6187
37110	0.6195
37109	0.619
37106	0.6164
37105	0.6145
37104	0.6156
37103	0.6143
37102	0.6136
37099	0.6141
37098	0.6146
37097	0.6157
37096	0.6139
37095	0.6097
37092	0.6118
37091	0.615
37090	0.6127
37089	0.6088
37088	0.6126
37085	0.6091
37084	0.6071
37083	0.6078
37082	0.6052
37081	0.6014
37078	0.5996
37077	0.599
37076	0.6026
37075	0.6019
37074	0.598
37071	0.6031
37070	0.6035
37069	0.6091
37068	0.609
37067	0.6082
37064	0.6037
37063	0.6064
37062	0.611
37061	0.6132
37060	0.6124
37057	0.615
37056	0.6114
37055	0.6203
37054	0.6152
37053	0.6136
37050	0.6128
37049	0.6124
37048	0.6087
37047	0.5998
37046	0.6004
37043	0.5978
37042	0.5973
37041	0.6024
37040	0.6032
37039	0.6048
37036	0.6045
37035	0.6077
37034	0.6037
37033	0.6069
37032	0.609
37029	0.6137
37028	0.6165
37027	0.6193
37026	0.6185
37025	0.6172
37022	0.6181
37021	0.6223
37020	0.6213
37019	0.6185
37018	0.62
37015	0.6226
37014	0.6222
37013	0.6225
37011	0.6195
37008	0.6254
37007	0.6246
37006	0.6227
37005	0.6236
37004	0.6246
37001	0.6235
37000	0.6172
36999	0.6156
36998	0.6131
36993	0.6173
36992	0.6179
36991	0.6199
36990	0.6243
36987	0.6265
36986	0.6282
36985	0.6289
36984	0.6212
36983	0.618
36980	0.6192
36979	0.6148
36978	0.6194
36977	0.624
36976	0.6231
36973	0.6258
36972	0.6257
36971	0.6293
36970	0.6313
36969	0.6292
36966	0.6251
36965	0.6285
36964	0.6304
36963	0.6341
36962	0.6336
36959	0.6374
36958	0.6344
36957	0.6358
36956	0.6323
36955	0.633
36952	0.6356
36951	0.6392
36950	0.6387
36949	0.6349
36948	0.6283
36945	0.6265
36944	0.627
36943	0.6335
36942	0.6314
36941	0.6344
36938	0.6284
36937	0.6279
36936	0.6306
36935	0.6376
36934	0.6398
36931	0.6382
36930	0.6355
36929	0.6384
36928	0.6366
36927	0.6387
36924	0.6364
36923	0.6371
36922	0.6367
36921	0.6298
36920	0.6304
36917	0.6315
36916	0.6304
36915	0.6341
36914	0.6388
36913	0.639
36910	0.638
36909	0.6385
36908	0.6366
36907	0.6407
36906	0.6388
36903	0.6408
36902	0.635
36901	0.6308
36900	0.6314
36899	0.6328
36896	0.6349
36895	0.6326
36894	0.6325
36893	0.6315
36889	0.6241
36888	0.6238
36887	0.6254
36882	0.6242
36881	0.618
36880	0.6173
36879	0.6072
36878	0.6074
36875	0.6088
36874	0.603
36873	0.604
36872	0.6064
36871	0.6049
36868	0.6128
36867	0.6192
36866	0.6152
36865	0.6101
36864	0.6137
36861	0.6095
36860	0.6128
36859	0.6069
36858	0.6019
36857	0.5966
36854	0.5994
36853	0.6
36852	0.5959
36851	0.5968
36850	0.5955
36847	0.5999
36846	0.6018
36845	0.6031
36844	0.5995
36843	0.6016
36840	0.6059
36839	0.6017
36838	0.6006
36837	0.601
36836	0.5995
36833	0.6013
36832	0.5956
36831	0.5912
36830	0.5809
36829	0.5812
36826	0.5804
36825	0.5807
36824	0.5771
36823	0.577
36822	0.576
36819	0.5832
36818	0.5826
36817	0.5873
36816	0.5908
36815	0.5884
36812	0.5868
36811	0.5921
36810	0.5968
36809	0.5992
36808	0.6006
36805	0.6014
36804	0.6027
36803	0.6003
36802	0.6006
36801	0.5991
36798	0.5967
36797	0.6025
36796	0.6045
36795	0.6028
36794	0.6028
36791	0.6063
36790	0.6004
36789	0.5989
36788	0.6084
36787	0.6096
36784	0.6125
36783	0.6133
36782	0.6142
36781	0.6145
36780	0.6078
36777	0.6124
36776	0.6047
36775	0.6087
36774	0.6124
36773	0.6154
36770	0.6135
36769	0.6132
36768	0.6148
36767	0.6139
36766	0.612
36763	0.6122
36762	0.6087
36761	0.6027
36760	0.6038
36759	0.6051
36756	0.6099
36755	0.6096
36754	0.6052
36753	0.6059
36752	0.5984
36749	0.6061
36748	0.6018
36747	0.5978
36746	0.5996
36745	0.6032
36742	0.6008
36741	0.607
36740	0.6143
36739	0.6172
36738	0.6179
36735	0.615
36734	0.6198
36733	0.6189
36732	0.6201
36731	0.6151
36728	0.6185
36727	0.6165
36726	0.6156
36725	0.6241
36724	0.627
36721	0.6227
36720	0.6224
36719	0.627
36718	0.63
36717	0.628
36714	0.6278
36713	0.631
36712	0.6313
36711	0.6271
36710	0.6281
36707	0.6323
36706	0.6257
36705	0.6253
36704	0.6281
36703	0.6215
36700	0.625
36699	0.6244
36698	0.6307
36697	0.6326
36696	0.6373
36693	0.6329
36692	0.6316
36691	0.6402
36690	0.633
36689	0.6303
36686	0.631
36685	0.6359
36684	0.6276
36683	0.6264
36682	0.623
36679	0.6251
36678	0.624
36677	0.6225
36676	0.6226
36675	0.6223
36672	0.6209
36671	0.61
36670	0.6165
36669	0.6151
36668	0.605
36665	0.5988
36664	0.6039
36663	0.5987
36662	0.6045
36661	0.6045
36658	0.596
36657	0.6051
36656	0.5976
36655	0.5847
36654	0.5851
36651	0.5838
36650	0.5818
36649	0.5711
36648	0.5827
36644	0.5794
36643	0.5827
36642	0.5827
36641	0.5896
36636	0.5934
36635	0.5983
36634	0.6003
36633	0.6026
36630	0.6016
36629	0.5999
36628	0.6038
36627	0.6055
36626	0.6064
36623	0.6047
36622	0.6075
36621	0.6088
36620	0.5971
36619	0.6
36616	0.5985
36615	0.601
36614	0.6032
36613	0.6088
36612	0.6087
36609	0.6115
36608	0.6104
36607	0.6125
36606	0.6176
36605	0.6201
36602	0.6146
36601	0.6155
36600	0.614
36599	0.6123
36598	0.6146
36595	0.6095
36594	0.6086
36593	0.6043
36592	0.6096
36591	0.6111
36588	0.6117
36587	0.614
36586	0.6123
36585	0.6134
36584	0.6072
36581	0.6155
36580	0.6188
36579	0.6252
36578	0.6226
36577	0.6161
36574	0.6144
36573	0.6158
36572	0.6129
36571	0.6159
36570	0.6201
36567	0.6136
36566	0.6126
36565	0.6169
36564	0.6182
36563	0.6134
36560	0.6195
36559	0.6086
36558	0.6051
36557	0.602
36556	0.6047
36553	0.6051
36552	0.6089
36551	0.6094
36550	0.6083
36549	0.6062
36546	0.6113
36545	0.6127
36544	0.6172
36543	0.6174
36542	0.618
36539	0.6221
36538	0.6255
36537	0.6253
36536	0.6251
36535	0.6249
36532	0.6262
36531	0.6302
36530	0.6324
36529	0.6296
36528	0.6246
36524	0.6217
36523	0.6226
36522	0.6249
36521	0.6267
36518	0.6267
36517	0.6265
36516	0.6253
36515	0.6276
36514	0.628
36511	0.6287
36510	0.6286
36509	0.6241
36508	0.6215
36507	0.6238
36504	0.6247
36503	0.6261
36502	0.6294
36501	0.6302
36500	0.631
36497	0.6255
36496	0.6292
36495	0.6304
36494	0.6325
36493	0.6297
36490	0.6301
36489	0.6312
36488	0.6331
36487	0.6348
36486	0.6361
36483	0.6353
36482	0.6397
36481	0.64
36480	0.6369
36479	0.6371
36476	0.638
36475	0.6414
36474	0.6416
36473	0.6415
36472	0.6412
36469	0.6397
36468	0.6389
36467	0.6361
36466	0.6382
36465	0.6413
36462	0.6393
36461	0.6415
36460	0.6392
36459	0.6413
36458	0.6433
36455	0.6426
36454	0.6446
36453	0.646
36452	0.6474
36451	0.6509
36448	0.6519
36447	0.6499
36446	0.6518
36445	0.6459
36444	0.6424
36441	0.6451
36440	0.649
36439	0.6488
36438	0.6456
36437	0.6469
36434	0.6499
36433	0.6475
36432	0.643
36431	0.6362
36430	0.6327
36427	0.6374
36426	0.639
36425	0.6423
36424	0.6383
36423	0.641
36420	0.6423
36419	0.6416
36418	0.6462
36417	0.6468
36416	0.6407
36413	0.6463
36412	0.6513
36411	0.6536
36410	0.6576
36409	0.6607
36406	0.6634
36405	0.6631
36404	0.6593
36403	0.6585
36402	0.6582
36399	0.6588
36398	0.6574
36397	0.6572
36396	0.6576
36395	0.658
36392	0.659
36391	0.6556
36390	0.6556
36389	0.6584
36388	0.6585
36385	0.6619
36384	0.6614
36383	0.6623
36382	0.6655
36381	0.6665
36378	0.665
36377	0.667
36376	0.6627
36375	0.6588
36374	0.6591
36371	0.6598
36370	0.6665
36369	0.6683
36368	0.668
36367	0.6731
36364	0.6634
36363	0.6642
36362	0.6653
36361	0.6618
36360	0.6511
36357	0.6509
36356	0.6513
36355	0.6523
36354	0.6538
36353	0.6527
36350	0.6577
36349	0.6544
36348	0.6563
36347	0.6514
36346	0.6491
36343	0.6498
36342	0.6502
36341	0.6563
36340	0.6544
36339	0.6564
36336	0.6578
36335	0.6533
36334	0.6511
36333	0.6498
36332	0.6506
36329	0.6506
36328	0.6481
36327	0.651
36326	0.6501
36325	0.6473
36322	0.6506
36321	0.6538
36320	0.6523
36319	0.6489
36318	0.6414
36315	0.6412
36314	0.6458
36313	0.6443
36312	0.6505
36311	0.6524
36308	0.6546
36307	0.6551
36306	0.658
36305	0.6634
36304	0.6617
36301	0.6583
36300	0.6591
36299	0.6569
36298	0.6592
36297	0.6598
36294	0.6601
36293	0.656
36292	0.6577
36291	0.6619
36290	0.6604
36287	0.661
36286	0.6601
36285	0.6552
36284	0.6553
36283	0.6571
36280	0.6571
36279	0.6584
36278	0.6583
36277	0.6587
36276	0.6569
36273	0.6583
36272	0.6585
36271	0.6593
36270	0.6589
36269	0.6586
36266	0.6633
36265	0.6682
36264	0.6667
36263	0.6671
36262	0.6723
36259	0.6724
36258	0.6731
36257	0.6772
36256	0.6759
36255	0.6702
36252	0.672
36251	0.669
36250	0.6663
36249	0.6638
36248	0.6615
36245	0.665
36244	0.6668
36243	0.6653
36242	0.6706
36241	0.6677
36238	0.6708
36237	0.676
36236	0.6744
36235	0.6703
36234	0.6739
36231	0.6686
36230	0.6694
36229	0.6746
36228	0.6754
36227	0.6776
36224	0.6737
36223	0.6759
36222	0.6723
36221	0.6764
36220	0.6829
36217	0.6873
36216	0.6888
36215	0.6883
36214	0.6796
36213	0.6789
36210	0.6838
36209	0.6871
36208	0.6873
36207	0.6854
36206	0.6895
36203	0.6917
36202	0.6975
36201	0.6954
36200	0.6911
36199	0.6888
36196	0.6885
36195	0.6894
36194	0.6925
36193	0.6888
36192	0.6904
36189	0.691
36188	0.6928
36187	0.6968
36186	0.6976
36185	0.6989
36182	0.7005
36181	0.7023
36180	0.7014
36179	0.7
36178	0.7013
36175	0.7039
36174	0.7062
36173	0.7084
36172	0.7066
36171	0.7044
36168	0.7094
36167	0.70585
36166	0.7076
36165	0.7122
